day=1 max=17443 idx=8 scores=[8307, 14860, 16116, 5631, 11070, 13531, 11627, 15274, 17443, 10558, 10171, 1751, 8445, 7677, 16919, 16810, 9119, 15123, 2245, 12109, -219, 6309, 12590, -1060, 10895, 15585]
day=2 max=17152 idx=7 scores=[7319, 7559, 738, -29, 17066, 15952, 4789, 17152, -697, 5029, 12549, 2801, 1847, 6761, 8317, 14472, 4359, -1580, -2387, 7468, 1999, 4168, 8100, 5461, 9369, 16244]
day=3 max=14567 idx=14 scores=[355, 8157, 4537, 9834, 12343, 9995, 13711, 7011, 8543, 8042, 8006, 10965, 10043, -2938, 14567, 12859, 13601, 8841, 11627, 13393, 3573, 11900, 302, 5023, -2309, 9597]
day=4 max=14635 idx=7 scores=[-1843, -4545, 13746, -961, 12746, 2334, 12139, 14635, 9260, 1811, 5565, -3477, 966, 2700, 12336, 5897, 9076, 4753, 14262, 7603, -184, -4490, 3078, 1270, 12139, 12296]
day=5 max=13409 idx=17 scores=[-4263, -4342, 8027, 12525, -978, -5999, -5035, 12812, -863, 8988, 12255, 5232, 101, 8737, 7777, 7262, 11806, 13409, 10278, 718, 11028, -2329, 7071, -3457, -118, 12491]
day=6 max=11820 idx=14 scores=[6183, 4203, -3028, -3039, 7060, 957, 1001, 3638, -3439, 1995, 1918, 7369, -5369, 10593, 11820, -5977, 8296, 5748, -84, 10509, -2006, 2587, 7571, 2124, -3428, 4578]
day=7 max=10391 idx=1 scores=[-1901, 10391, 2936, -6714, -8162, 4544, -3453, 8452, 193, 1373, -955, -7371, 9101, -5887, 44, 9925, 2408, 6277, 4130, 1304, 4505, -4772, -3209, 3809, -2537, 4008]
day=8 max=9304 idx=14 scores=[-8629, 1654, -3312, -2290, -9763, 6106, 8741, 1452, -8936, 7974, 6180, -6423, 7077, 4082, 9304, -4863, 6266, -8024, -4597, -5576, 5654, -5806, -1180, -1398, -9465, 8579]
day=9 max=8907 idx=6 scores=[-8407, -4196, 116, -3988, -7953, -3967, 8907, -5046, -4784, 8178, 7186, -9708, -1147, 6600, 7493, -1460, -6839, 4619, -10551, 7784, 2554, -9725, -921, 3430, -7724, -5386]
day=10 max=6702 idx=12 scores=[1540, -3033, -5599, 964, -10359, -2411, -10115, 4177, 6180, 1431, -3933, 4851, 6702, -1166, -8898, -1597, 2763, 6352, -64, -5016, -7503, 2822, 2973, -11234, -8308, -5061]
day=11 max=6265 idx=25 scores=[-176, -6778, -992, -12414, -11158, -1774, -52, -317, -11042, 3254, -4147, -9, -1938, 351, 633, -114, 5008, -11540, -2644, -7805, 2037, 5784, -851, -12463, -4759, 6265]
day=12 max=5919 idx=17 scores=[718, 4590, -11750, -4566, -3112, -4052, -6625, 3489, -11061, -13151, -1311, -8126, -543, 598, 2747, 729, -6540, 5919, 2241, -6081, 2277, -3220, 3565, -1494, 564, 3536]
day=13 max=4758 idx=3 scores=[-13544, -7955, -14150, 4758, -7607, -7624, -4204, -6081, -1180, 2445, -5716, 1197, 567, -15206, -3645, -14500, -5207, 1003, -13261, -10949, -11534, -7870, -128, -6860, -2376, -531]
day=14 max=2811 idx=10 scores=[-5422, -7608, -3404, -800, -2362, -16115, -14703, -6633, -10772, -7525, 2811, -16482, 2316, -9797, -9530, -12020, -9347, -11487, -9476, -11254, -4459, -5099, -6130, -2007, -12157, -2653]
day=15 max=1190 idx=20 scores=[-13111, -16069, -3853, -1853, -16942, -4877, -8439, -1745, -11282, -6041, -16394, -1139, -10092, -12817, -2692, -2144, -11704, -10286, -24, -5657, 1190, -9165, -16347, -17045, -15885, -13440]
day=16 max=-398 idx=0 scores=[-398, -17727, -11829, -12903, -3100, -7889, -7131, -9401, -7677, -18078, -4131, -9362, -6097, -9204, -17671, -9331, -2027, -16083, -17503, -6451, -11468, -10955, -6571, -17439, -8761, -8657]
day=17 max=-983 idx=3 scores=[-18323, -5616, -12732, -983, -2000, -14916, -11235, -8857, -18253, -9040, -14106, -7181, -4435, -3435, -4173, -17956, -9093, -1459, -4608, -8190, -18965, -1542, -10337, -1335, -11820, -15893]
day=18 max=-1899 idx=13 scores=[-16706, -9829, -12098, -3061, -18032, -8696, -6199, -4981, -13065, -1982, -12795, -10527, -6993, -1899, -19290, -15160, -4843, -5566, -6611, -12852, -15215, -20081, -19277, -5790, -18875, -2178]
day=19 max=-2159 idx=1 scores=[-4652, -2159, -17244, -20007, -13714, -17496, -3417, -8348, -14398, -11404, -12950, -10570, -20355, -6075, -9318, -4922, -4480, -21772, -15731, -17266, -10729, -15937, -18272, -17583, -10380, -7701]
day=20 max=-5619 idx=5 scores=[-6414, -17170, -22251, -12925, -21021, -5619, -5867, -19454, -11495, -7849, -11487, -21284, -24295, -16407, -7350, -20670, -18616, -21125, -21083, -15201, -24010, -12129, -23204, -7203, -12350, -20191]
day=21 max=-6050 idx=19 scores=[-15900, -11379, -23086, -13398, -22164, -8947, -7475, -18383, -8893, -12434, -12601, -21203, -8894, -9131, -13737, -21993, -14239, -22592, -10744, -6050, -14794, -8060, -19142, -7153, -6519, -11364]
day=22 max=-7032 idx=6 scores=[-10953, -7614, -27022, -17908, -15719, -18634, -7032, -19967, -8278, -18509, -25412, -12026, -12495, -24480, -20604, -15563, -7355, -17794, -13870, -24475, -25461, -12152, -16545, -16158, -19249, -13668]
day=23 max=-8758 idx=18 scores=[-10248, -16761, -23575, -23628, -11848, -22188, -18679, -18678, -20136, -14756, -13033, -10176, -18367, -14600, -26328, -19427, -11531, -18919, -8758, -20231, -26333, -28241, -11702, -13770, -15486, -14785]
day=24 max=-8317 idx=1 scores=[-14801, -8317, -15608, -13145, -13433, -28152, -13079, -18884, -16505, -19144, -19987, -18372, -16337, -24758, -15666, -19876, -17100, -15686, -23398, -19809, -14290, -26757, -22907, -28580, -24325, -21881]
day=25 max=-10341 idx=6 scores=[-27367, -21089, -17087, -25658, -27391, -26906, -10341, -17288, -21022, -21099, -13087, -14146, -13768, -19289, -10653, -11032, -18137, -12496, -20534, -17608, -24672, -17118, -12139, -20584, -17045, -17530]
day=26 max=-11971 idx=20 scores=[-25805, -21253, -19024, -22514, -27728, -13800, -24581, -29481, -30918, -24117, -17007, -30132, -23088, -31231, -28701, -26022, -26992, -27059, -30216, -30052, -11971, -13961, -13545, -24648, -12598, -31561]
day=27 max=-12221 idx=10 scores=[-18945, -14473, -23911, -21584, -32991, -15989, -22843, -24057, -24512, -12938, -12221, -26727, -20468, -20622, -12946, -12878, -31859, -27980, -21853, -14327, -15925, -30314, -20614, -25322, -14787, -23958]
day=28 max=-13263 idx=10 scores=[-30956, -26218, -23416, -19749, -23921, -15349, -14693, -14419, -13807, -20318, -13263, -22622, -17829, -33492, -25290, -21903, -28873, -18514, -20727, -23438, -20372, -16930, -30909, -30740, -21829, -30589]
day=29 max=-16204 idx=17 scores=[-18135, -32222, -26088, -31373, -34535, -19841, -19918, -18224, -34205, -18372, -23248, -29211, -22098, -25650, -18694, -18441, -32737, -16204, -17742, -28956, -29807, -18783, -22105, -27046, -20645, -33694]
day=30 max=-15057 idx=17 scores=[-28004, -16138, -35510, -16181, -19415, -27448, -23886, -17108, -27100, -22703, -21640, -28265, -20578, -18724, -16936, -25077, -36159, -15057, -31318, -25056, -27470, -27702, -17296, -19512, -24362, -35647]
day=31 max=-18524 idx=5 scores=[-28383, -25046, -20095, -24795, -23084, -18524, -35421, -19646, -22270, -32430, -29717, -20570, -29931, -30081, -35077, -23337, -32407, -23575, -25133, -22964, -28951, -23264, -25245, -19886, -23996, -33105]
day=32 max=-18437 idx=10 scores=[-34479, -23228, -34705, -31277, -32597, -33553, -31810, -28920, -37671, -19990, -18437, -30881, -36046, -23629, -23821, -31532, -20710, -34161, -34345, -23893, -29054, -36820, -27481, -31416, -21199, -29495]
day=33 max=-18260 idx=19 scores=[-39779, -23745, -25945, -18615, -31413, -23217, -29312, -20942, -26823, -21452, -19865, -26791, -34674, -37479, -35773, -27898, -34368, -19081, -24450, -18260, -25817, -38948, -21384, -22275, -36453, -27178]
day=34 max=-23110 idx=2 scores=[-37660, -23552, -23110, -29690, -32951, -29657, -36716, -30023, -39133, -26667, -23713, -28393, -41687, -40086, -24471, -39510, -26663, -33693, -23665, -35282, -23796, -32685, -34507, -27965, -27675, -38756]
day=35 max=-21852 idx=10 scores=[-27758, -31965, -39739, -27268, -40668, -42877, -36712, -24895, -41131, -24360, -21852, -35792, -26016, -33253, -30787, -23498, -31122, -39544, -25382, -31252, -25770, -41102, -30146, -32997, -40101, -27642]
day=36 max=-22987 idx=15 scores=[-30793, -30486, -41733, -34115, -37459, -32100, -36902, -37861, -36585, -31540, -41089, -25885, -35387, -39871, -39262, -22987, -35735, -29461, -38680, -27886, -42373, -39003, -32876, -30879, -34959, -37269]
day=37 max=-26367 idx=0 scores=[-26367, -35640, -40360, -28866, -31294, -28089, -33626, -31351, -38415, -38938, -29736, -36773, -28217, -27374, -31269, -38778, -45171, -39744, -28990, -35504, -39851, -42557, -38153, -32940, -28493, -41684]
day=38 max=-24623 idx=14 scores=[-39458, -29103, -29796, -27423, -34881, -29601, -39374, -29628, -32959, -43889, -36509, -27232, -35740, -30026, -24623, -33084, -37594, -38109, -39252, -27643, -26188, -40260, -31700, -28030, -34742, -44685]
day=39 max=-27131 idx=23 scores=[-47398, -37298, -35440, -31787, -48165, -42634, -43985, -35831, -43768, -39680, -39236, -43610, -38823, -30356, -32658, -36458, -36912, -36892, -28265, -38101, -28764, -36992, -29939, -27131, -45422, -37383]
day=40 max=-29589 idx=5 scores=[-39603, -41321, -36311, -38861, -44873, -29589, -30921, -31866, -29829, -38631, -41239, -37774, -31043, -47247, -35466, -43199, -38138, -39157, -46041, -40679, -33937, -49021, -31440, -45666, -46209, -42398]
day=41 max=-28218 idx=14 scores=[-45358, -31696, -47078, -45629, -45010, -38191, -48636, -44873, -33280, -46605, -39404, -42873, -40012, -29363, -28218, -47166, -46595, -39453, -48593, -46659, -44164, -35391, -29396, -40447, -35160, -49453]
day=42 max=-30349 idx=10 scores=[-51149, -30813, -50286, -46990, -49224, -44104, -39361, -46890, -32272, -44677, -30349, -48353, -44740, -45774, -47837, -31219, -36784, -42742, -47385, -34287, -32065, -34846, -36502, -40575, -42317, -50480]
day=43 max=-33073 idx=18 scores=[-50552, -33430, -37925, -40575, -43387, -46666, -38915, -45162, -37563, -45488, -49188, -34992, -35317, -36442, -35000, -37446, -42072, -41994, -33073, -37871, -49720, -48038, -44434, -35304, -34324, -44700]
day=44 max=-31951 idx=10 scores=[-48669, -42815, -47600, -45421, -50420, -53385, -44598, -43813, -42703, -51046, -31951, -40165, -51998, -39035, -42587, -34344, -49333, -42090, -44962, -46820, -52821, -47665, -44577, -44331, -43161, -47142]
day=45 max=-33472 idx=1 scores=[-43206, -33472, -41074, -47407, -45435, -48902, -41925, -45121, -40620, -52354, -46660, -54281, -43611, -44226, -40043, -39493, -52470, -44798, -34427, -49416, -43816, -42731, -35366, -48391, -50660, -42216]
day=46 max=-35712 idx=15 scores=[-54871, -41795, -41096, -47543, -53588, -53965, -41100, -52465, -45174, -40989, -50012, -48880, -45309, -39156, -45839, -35712, -44697, -39586, -45056, -39139, -41091, -54105, -45806, -53923, -40157, -43521]
day=47 max=-36636 idx=6 scores=[-43705, -52543, -54376, -38564, -54276, -39684, -36636, -42274, -52479, -49078, -51044, -52534, -46479, -55636, -41115, -43910, -48151, -44400, -40778, -44945, -54665, -40199, -52576, -39354, -41088, -52745]
day=48 max=-36522 idx=1 scores=[-50591, -36522, -54054, -44971, -47757, -48271, -52431, -54581, -47651, -39955, -51437, -55517, -55526, -45930, -45398, -39749, -50654, -52131, -41545, -40955, -42215, -41830, -50973, -54704, -40807, -41701]
day=49 max=-38655 idx=3 scores=[-45024, -44708, -60297, -38655, -41652, -48362, -43596, -59529, -50313, -56710, -43453, -46939, -49688, -49927, -55591, -48560, -46882, -54284, -52522, -46772, -54846, -59398, -52022, -52596, -59680, -50922]
day=50 max=-41238 idx=11 scores=[-54928, -46219, -58142, -44888, -60102, -53139, -52094, -47250, -56098, -55226, -53794, -41238, -44460, -55665, -58219, -58468, -44606, -44291, -58162, -56092, -50481, -45783, -44694, -49382, -47769, -46316]
day=51 max=-39300 idx=1 scores=[-62821, -39300, -44136, -55455, -46769, -58792, -48371, -62383, -42865, -49947, -57180, -59182, -48707, -47061, -52923, -44971, -61941, -45958, -54335, -48787, -52245, -59874, -56228, -55314, -44276, -59422]
day=52 max=-45190 idx=12 scores=[-49843, -55170, -56236, -58194, -52278, -55955, -45449, -59729, -53023, -50344, -58936, -63477, -45190, -58067, -53393, -47435, -56030, -55150, -50313, -47183, -53751, -48425, -52263, -60490, -53738, -49963]
day=53 max=-42605 idx=1 scores=[-47648, -42605, -55660, -46144, -62855, -52052, -51590, -45232, -46845, -56007, -58137, -53603, -63179, -56857, -56341, -53518, -45682, -59844, -49256, -51368, -51508, -60095, -47398, -49228, -57030, -55312]
day=54 max=-43910 idx=14 scores=[-60858, -55610, -53166, -56989, -56069, -63679, -50834, -55752, -54263, -49848, -51967, -47678, -64040, -60803, -43910, -56039, -46691, -61793, -58264, -51623, -52211, -47920, -60492, -46106, -58282, -63125]
day=55 max=-45278 idx=9 scores=[-55837, -54625, -50294, -47095, -56288, -66707, -53840, -47690, -46610, -45278, -46174, -63493, -56333, -54034, -53472, -47397, -67868, -57306, -58820, -59443, -59022, -59109, -55351, -59579, -62994, -67548]
day=56 max=-48900 idx=15 scores=[-57040, -49516, -54152, -63117, -49712, -67535, -61959, -55603, -53697, -64404, -60927, -67270, -56441, -55066, -64443, -48900, -52489, -53642, -64251, -61408, -64403, -68788, -63932, -62639, -63154, -60683]
day=57 max=-50019 idx=20 scores=[-69404, -62585, -50646, -65308, -66950, -56698, -52076, -51740, -62529, -53136, -63081, -55378, -61630, -53510, -64553, -58234, -58940, -54162, -54605, -60319, -50019, -56225, -60275, -60853, -52243, -65485]
day=58 max=-49219 idx=10 scores=[-63220, -64707, -62090, -52496, -62979, -53786, -56905, -69811, -65845, -52461, -49219, -66122, -58351, -58497, -64850, -49896, -60614, -62871, -52535, -64286, -53297, -57817, -62280, -61812, -53076, -58032]
day=59 max=-48971 idx=19 scores=[-72837, -63891, -68888, -60902, -54369, -71409, -60628, -59150, -60904, -65870, -50293, -63666, -69208, -69336, -65004, -55365, -62094, -53770, -58735, -48971, -54682, -60332, -68115, -58958, -72920, -63832]
day=60 max=-50125 idx=22 scores=[-62430, -63563, -55530, -66490, -62409, -71522, -53524, -54061, -69057, -51006, -68114, -65210, -66521, -67490, -50431, -55453, -57142, -52250, -69034, -50322, -65765, -73029, -50125, -58503, -58090, -56851]
day=61 max=-54356 idx=3 scores=[-57564, -70320, -68667, -54356, -70513, -58129, -66191, -62815, -72272, -64455, -62461, -69945, -76076, -63573, -69729, -65704, -60599, -63682, -54679, -70432, -63099, -65368, -62609, -71491, -67575, -58112]
day=62 max=-53507 idx=22 scores=[-75808, -67189, -74390, -70314, -69584, -73171, -56053, -73739, -59866, -72492, -62970, -57247, -61360, -58144, -59286, -67287, -70571, -53948, -62163, -59960, -56846, -65389, -53507, -63732, -70145, -66599]
day=63 max=-53583 idx=1 scores=[-76797, -53583, -75077, -63852, -64666, -69141, -74282, -68467, -63383, -69233, -70776, -61759, -62979, -57938, -60835, -58346, -64671, -62212, -65998, -61933, -72099, -71680, -53813, -64442, -66892, -64342]
day=64 max=-56135 idx=15 scores=[-63939, -62663, -76818, -67545, -68712, -72375, -68622, -58816, -75365, -57172, -70616, -59104, -63788, -74069, -61273, -56135, -72994, -62852, -61772, -60623, -70539, -65485, -69228, -73011, -69498, -64959]
day=65 max=-55696 idx=19 scores=[-77982, -68795, -62850, -72417, -63532, -74765, -73907, -66425, -66681, -71479, -74222, -65118, -67233, -67352, -63829, -70354, -77785, -59281, -72395, -55696, -71993, -75720, -62260, -64910, -67766, -60588]
day=66 max=-59226 idx=17 scores=[-82031, -67633, -77338, -72317, -81104, -67084, -63499, -76727, -73455, -72579, -69118, -67700, -74549, -63758, -75571, -63859, -68646, -59226, -64161, -70001, -75553, -79431, -74846, -71351, -74158, -71182]
day=67 max=-60075 idx=17 scores=[-69632, -63889, -82228, -60206, -76432, -77660, -61263, -79641, -60387, -68972, -63439, -67697, -72566, -63508, -75407, -71802, -73015, -60075, -74115, -61849, -79177, -71964, -75382, -76057, -81384, -63267]
day=68 max=-61569 idx=9 scores=[-83900, -71432, -76821, -74693, -68409, -69080, -66422, -67897, -62417, -61569, -64539, -74788, -83254, -62007, -66773, -73868, -71705, -69912, -76319, -72843, -76389, -84457, -65553, -71234, -65917, -65453]
day=69 max=-63477 idx=9 scores=[-68223, -67202, -78535, -80030, -75556, -76661, -65252, -82934, -76500, -63477, -73784, -82860, -85163, -75310, -80315, -67574, -79767, -71085, -71866, -73132, -80821, -72315, -75654, -82805, -81474, -83330]
day=70 max=-62604 idx=15 scores=[-72442, -77323, -83846, -79310, -73358, -67603, -73358, -74203, -69167, -63206, -67616, -69190, -77921, -68800, -69036, -62604, -81614, -79837, -74676, -63523, -70382, -84318, -76415, -83566, -69344, -75841]
day=71 max=-66537 idx=1 scores=[-69024, -66537, -86835, -77339, -75912, -72151, -66571, -83820, -72189, -81966, -83166, -67446, -81452, -74588, -81669, -69147, -83717, -70908, -78499, -72997, -70005, -88263, -68589, -81330, -77399, -75479]
day=72 max=-66863 idx=10 scores=[-70599, -74382, -69425, -80151, -83176, -85326, -78505, -73390, -70858, -74334, -66863, -82781, -84664, -85070, -74763, -77371, -83157, -69901, -76092, -83065, -69723, -78410, -80720, -80378, -71275, -80622]
day=73 max=-66470 idx=17 scores=[-87358, -71307, -73413, -69880, -76279, -84391, -71467, -70753, -79091, -79383, -82838, -85208, -88681, -74183, -81220, -74011, -83785, -66470, -82159, -70889, -72439, -81708, -69642, -80252, -89144, -79991]
day=74 max=-66658 idx=15 scores=[-80276, -77927, -86415, -78877, -85725, -89697, -69039, -80615, -82659, -77164, -71597, -90041, -78882, -84270, -69399, -66658, -78106, -79097, -85715, -66955, -84423, -86486, -79201, -69639, -77470, -78379]
day=75 max=-72692 idx=22 scores=[-86067, -76425, -81255, -80106, -92262, -81326, -86657, -76621, -74865, -78994, -76828, -77925, -77277, -88875, -85953, -73458, -88816, -80489, -73946, -76837, -73421, -83166, -72692, -77323, -92322, -89745]
day=76 max=-73454 idx=3 scores=[-85286, -81743, -84289, -73454, -93254, -77912, -78635, -92999, -78283, -78920, -84048, -75035, -86076, -80134, -86298, -79421, -75157, -82902, -85227, -85496, -74476, -84346, -87839, -79300, -75253, -86544]
day=77 max=-75179 idx=15 scores=[-81710, -84762, -78411, -87098, -78004, -79524, -84350, -91946, -80305, -81672, -81086, -77725, -79871, -89166, -85862, -75179, -94168, -85651, -92740, -75669, -85127, -81679, -76911, -80940, -79339, -86331]
day=78 max=-71760 idx=22 scores=[-79669, -73150, -93894, -86813, -90123, -93814, -81492, -90100, -83167, -72280, -83789, -76955, -90645, -76652, -88609, -73887, -86238, -86026, -87073, -73325, -80735, -87895, -71760, -83186, -96380, -90434]
day=79 max=-74055 idx=1 scores=[-92149, -74055, -82408, -80069, -79959, -95169, -83514, -86648, -89144, -74903, -87546, -82014, -88328, -91075, -81522, -76658, -80980, -77427, -86663, -86082, -83562, -86157, -87646, -83485, -80664, -83730]
day=80 max=-75203 idx=3 scores=[-99619, -84190, -93567, -75203, -87354, -87385, -95298, -80337, -79716, -85820, -92611, -92281, -92217, -78096, -90425, -76834, -79714, -88816, -84816, -82464, -90784, -94983, -89114, -82009, -86586, -93714]
day=81 max=-76079 idx=19 scores=[-85734, -90078, -80171, -87112, -85608, -90574, -81534, -86881, -80363, -78502, -92672, -79752, -82346, -97080, -89231, -91648, -97203, -78891, -77908, -76079, -79800, -89277, -92207, -88284, -89367, -93787]
day=82 max=-76425 idx=14 scores=[-96344, -82121, -91921, -94583, -85378, -93230, -89624, -89361, -92256, -96429, -82620, -86129, -102029, -78677, -76425, -91647, -92096, -83631, -88239, -93136, -93673, -93418, -82326, -91934, -96251, -83439]
day=83 max=-78884 idx=10 scores=[-87778, -86309, -90135, -82869, -93530, -88357, -94174, -88757, -83443, -79252, -78884, -86181, -84493, -96931, -91512, -89425, -90370, -90949, -86548, -89088, -85851, -84491, -84257, -91093, -99523, -88802]
day=84 max=-78557 idx=19 scores=[-93706, -91871, -85606, -84025, -100089, -102938, -96019, -100307, -96864, -87448, -94363, -93218, -98795, -99463, -86489, -89062, -87790, -87217, -98864, -78557, -97814, -101999, -79083, -97789, -92380, -91088]
day=85 max=-79600 idx=22 scores=[-96438, -85913, -104062, -93564, -102301, -98929, -95417, -103662, -82099, -80309, -98898, -102002, -102649, -94177, -85136, -98849, -89964, -85417, -85608, -88281, -97656, -101580, -79600, -88687, -87125, -89482]
day=86 max=-83244 idx=8 scores=[-90456, -84079, -99580, -97057, -106706, -94724, -97050, -86268, -83244, -84462, -90259, -88576, -105425, -89802, -89682, -95766, -98241, -86472, -97536, -90913, -103140, -95780, -89657, -97359, -99026, -92885]
day=87 max=-81281 idx=1 scores=[-106758, -81281, -93033, -97313, -96847, -92250, -95518, -105255, -92365, -95648, -89491, -96268, -94454, -96334, -99733, -97668, -105748, -89445, -89537, -85655, -92386, -94272, -88587, -104174, -100016, -95868]
day=88 max=-87207 idx=20 scores=[-106860, -91711, -108159, -89278, -90683, -106429, -97070, -93546, -88754, -96595, -101332, -97041, -106375, -92706, -88356, -99018, -102464, -97173, -89610, -96451, -87207, -90564, -98204, -103694, -98925, -91925]
day=89 max=-85069 idx=19 scores=[-111317, -86028, -95315, -101512, -99237, -104446, -96170, -102646, -95075, -90944, -90341, -99495, -93373, -98932, -100929, -99447, -98606, -86330, -106780, -85069, -89104, -97643, -85101, -88090, -109454, -100014]
day=90 max=-84796 idx=17 scores=[-98842, -95014, -101446, -101175, -95287, -96765, -105675, -96889, -106322, -99458, -86340, -99166, -97883, -107788, -100599, -96542, -104154, -84796, -106539, -99790, -101894, -111447, -101636, -103132, -94508, -109337]
day=91 max=-87559 idx=1 scores=[-97645, -87559, -108434, -99885, -100887, -98846, -101553, -107711, -98729, -100848, -87902, -105284, -109243, -99203, -105952, -104820, -92862, -102161, -106205, -97387, -100556, -97602, -92124, -100872, -100743, -103154]
day=92 max=-91205 idx=18 scores=[-96783, -97378, -108041, -99486, -96159, -111968, -101858, -105275, -97458, -95831, -96082, -99786, -111491, -99699, -98485, -98545, -103621, -103333, -91205, -97570, -91413, -105810, -101183, -93708, -108999, -102230]
day=93 max=-91264 idx=3 scores=[-109599, -107130, -104429, -91264, -101162, -110847, -93160, -107503, -110364, -100920, -106334, -100151, -102945, -94195, -98434, -98035, -98408, -104282, -111103, -97115, -98244, -114306, -94282, -93988, -104276, -98432]
day=94 max=-91364 idx=17 scores=[-105529, -96793, -106829, -100857, -101152, -104026, -97499, -103328, -106948, -106802, -105230, -102644, -106466, -106764, -102181, -93957, -100491, -91364, -111879, -107917, -108155, -103090, -94022, -104798, -102123, -113700]
day=95 max=-93385 idx=10 scores=[-99464, -98548, -106263, -102658, -107388, -109412, -97090, -100828, -104121, -107617, -93385, -99008, -102934, -105320, -102481, -101783, -114529, -96233, -113501, -96936, -107392, -111660, -105953, -96999, -99802, -100596]
day=96 max=-91480 idx=1 scores=[-107329, -91480, -108525, -96929, -109331, -103539, -104064, -114660, -108836, -104768, -101254, -101993, -116815, -106538, -101948, -112264, -106415, -109833, -97520, -109282, -108641, -112273, -95367, -97290, -114218, -113143]
day=97 max=-93618 idx=3 scores=[-119407, -111723, -113973, -93618, -103598, -115226, -109871, -111248, -115229, -108717, -104427, -105988, -117457, -110802, -111170, -104654, -113448, -95723, -104708, -93740, -100194, -107682, -94862, -114791, -110791, -102265]
day=98 max=-99871 idx=22 scores=[-107829, -102709, -105705, -103197, -105957, -113423, -100335, -102376, -114122, -108775, -107777, -119615, -103105, -105234, -112410, -107747, -111103, -107960, -115744, -104168, -116862, -121156, -99871, -117628, -103563, -103810]
day=99 max=-96521 idx=1 scores=[-112261, -96521, -111179, -98302, -113368, -119730, -106141, -108566, -108380, -106004, -108041, -102363, -119838, -115230, -102630, -107732, -108605, -104011, -99444, -110730, -104245, -115184, -106726, -109640, -105974, -118742]
day=100 max=-100130 idx=9 scores=[-123485, -106444, -122359, -110218, -115092, -112208, -118521, -118327, -114343, -100130, -103548, -119857, -107275, -103081, -101327, -111749, -112427, -112913, -109963, -106593, -107697, -116242, -100429, -118392, -105214, -115595]
day=101 max=-97843 idx=17 scores=[-122804, -101400, -114864, -111783, -113064, -113469, -116728, -117924, -107476, -108393, -102155, -116847, -112771, -109306, -116324, -116597, -112277, -97843, -119795, -98407, -102258, -108852, -99804, -112060, -108080, -114812]
day=102 max=-100042 idx=15 scores=[-107655, -104283, -117349, -104142, -111632, -122245, -115674, -109335, -116231, -105941, -114362, -113573, -125499, -103969, -106175, -100042, -109210, -115868, -111798, -110083, -119624, -109510, -109806, -105673, -114445, -123819]
day=103 max=-101883 idx=9 scores=[-119744, -114267, -124755, -115095, -126054, -121893, -109961, -124201, -117118, -101883, -112773, -114441, -117315, -120431, -109669, -119227, -118507, -109535, -112536, -108266, -106031, -116278, -109797, -118960, -125616, -110370]
day=104 max=-103197 idx=15 scores=[-117096, -110111, -127807, -115469, -125677, -115805, -122588, -110777, -110149, -107571, -109041, -123585, -110623, -112811, -109065, -103197, -114496, -108671, -124842, -107135, -123770, -115636, -109984, -106409, -127620, -125588]
day=105 max=-103532 idx=14 scores=[-119364, -120551, -111529, -117330, -113851, -120461, -113705, -118997, -114001, -117031, -110565, -114972, -130485, -114659, -103532, -111122, -122682, -116563, -107199, -106167, -107132, -128725, -105782, -125824, -129452, -128072]
day=106 max=-103577 idx=22 scores=[-124698, -121751, -123985, -123113, -126741, -111332, -119545, -119280, -118114, -123592, -120062, -111378, -131440, -112748, -106511, -108877, -113491, -111872, -117635, -107686, -118709, -124455, -103577, -108515, -113346, -111883]
day=107 max=-104953 idx=3 scores=[-124561, -110108, -118645, -104953, -129112, -113223, -128261, -130249, -125929, -108192, -114856, -121674, -126545, -118479, -115207, -112392, -128804, -114577, -115985, -110370, -126151, -120796, -106228, -114552, -126270, -121858]
day=108 max=-104637 idx=1 scores=[-116776, -104637, -118153, -109282, -117389, -112740, -119882, -129402, -109198, -117100, -123788, -116986, -132379, -121975, -126110, -106985, -124827, -106687, -120679, -106365, -112334, -119782, -112340, -128400, -128269, -126787]
day=109 max=-109495 idx=17 scores=[-123833, -122039, -126944, -121670, -123412, -115123, -112399, -127362, -114327, -122441, -112511, -127756, -124786, -120517, -112317, -120674, -125345, -109495, -119882, -113511, -120161, -128384, -118774, -120146, -124056, -125518]
day=110 max=-109694 idx=22 scores=[-137091, -118203, -129797, -123106, -128938, -115880, -116055, -122234, -129699, -117278, -117577, -133255, -122137, -122282, -117607, -125656, -129599, -116442, -119308, -121757, -113640, -118966, -109694, -127221, -133710, -128516]
day=111 max=-110107 idx=1 scores=[-122923, -110107, -134699, -127073, -121076, -132144, -117696, -120694, -118557, -121805, -111597, -132402, -134230, -124770, -125477, -111864, -128863, -116329, -120767, -118876, -123186, -127964, -126911, -120366, -120267, -129006]
day=112 max=-114275 idx=17 scores=[-121871, -126901, -124041, -127685, -134609, -120372, -126933, -133426, -118561, -117494, -116601, -130611, -121144, -126499, -128236, -119818, -135145, -114275, -130516, -118450, -128920, -135406, -119818, -123677, -126322, -125306]
day=113 max=-114012 idx=1 scores=[-133347, -114012, -121238, -131402, -139220, -130453, -120001, -137603, -135013, -132833, -132195, -126633, -131955, -119561, -128637, -126374, -131877, -121526, -124368, -126973, -121049, -123290, -122299, -126960, -130253, -123394]
day=114 max=-113863 idx=17 scores=[-133297, -129740, -126431, -130031, -126811, -127548, -135208, -127989, -121793, -128650, -116829, -120383, -129861, -124721, -123205, -115645, -121646, -113863, -118366, -127776, -135366, -133371, -116837, -118753, -129554, -126093]
day=115 max=-118311 idx=9 scores=[-129581, -121807, -136395, -127710, -126007, -122048, -132009, -128174, -131227, -118311, -127073, -129190, -125364, -125425, -132767, -128319, -122208, -129131, -119185, -124062, -125764, -128599, -124795, -133853, -139832, -134910]
day=116 max=-115593 idx=19 scores=[-140334, -125144, -136615, -117648, -143005, -129213, -129181, -132862, -128127, -135000, -118867, -135105, -130005, -130273, -125129, -119899, -133499, -120377, -128823, -115593, -130308, -140543, -116143, -135064, -131792, -124331]
day=117 max=-117598 idx=1 scores=[-128886, -117598, -144004, -124820, -129211, -128383, -124629, -135796, -122544, -120240, -121612, -141496, -128455, -136204, -132580, -129414, -125340, -127337, -122437, -122886, -125327, -139213, -123733, -123467, -140901, -128247]
day=118 max=-119623 idx=9 scores=[-146891, -131827, -142537, -120796, -128046, -125738, -126811, -133978, -140088, -119623, -130385, -124548, -128014, -138266, -131653, -135602, -136631, -125666, -126497, -120395, -129326, -141012, -134865, -140104, -129883, -144977]
day=119 max=-123978 idx=15 scores=[-142216, -135726, -127160, -127368, -135340, -137497, -139335, -131365, -131732, -133122, -125839, -133251, -138684, -125794, -128256, -123978, -126963, -126692, -128532, -130260, -141316, -133178, -137639, -126107, -138084, -129484]
day=120 max=-121035 idx=14 scores=[-134521, -123819, -141678, -133330, -134193, -128921, -125062, -143326, -130465, -126824, -139260, -136039, -139421, -144333, -121035, -139975, -138529, -133783, -138359, -121357, -126308, -147098, -133779, -132456, -145439, -133627]
day=121 max=-120317 idx=19 scores=[-136755, -123375, -142712, -134064, -142232, -130022, -145451, -131122, -134583, -128485, -139751, -138310, -141769, -132443, -132285, -126319, -147199, -129554, -136245, -120317, -142705, -150800, -125010, -131214, -146739, -132597]
day=122 max=-124201 idx=17 scores=[-149721, -139559, -136344, -133334, -140717, -134963, -138782, -134141, -133888, -125138, -134501, -145466, -150828, -142688, -133166, -136588, -133583, -124201, -142179, -137187, -136515, -133285, -134980, -134422, -136065, -149232]
day=123 max=-122901 idx=22 scores=[-139512, -132329, -143859, -133367, -152606, -137562, -134264, -147965, -144022, -130592, -126230, -139321, -136348, -139925, -141655, -130267, -144396, -136087, -134323, -141225, -140392, -140639, -122901, -145836, -133887, -137900]
day=124 max=-127602 idx=14 scores=[-152006, -137971, -144120, -142650, -153416, -142615, -136200, -135140, -142758, -139287, -145869, -135916, -141737, -139380, -127602, -129205, -141001, -137308, -132814, -131031, -138945, -147905, -128386, -133114, -149737, -138181]
day=125 max=-131670 idx=23 scores=[-137270, -142360, -145311, -143897, -140190, -143579, -143546, -147785, -136295, -139695, -139007, -152480, -154667, -141084, -144730, -136236, -136523, -140346, -142151, -137485, -140726, -145554, -131777, -131670, -149371, -151592]
day=126 max=-129043 idx=15 scores=[-142741, -137880, -137548, -140092, -141082, -143632, -143683, -138125, -135915, -146496, -146244, -145438, -138090, -146156, -133263, -129043, -141392, -139636, -146512, -140730, -146766, -148360, -135555, -140042, -153174, -144012]
day=127 max=-133109 idx=15 scores=[-153497, -136563, -137373, -137268, -155231, -142228, -148037, -143407, -135439, -140608, -134119, -139269, -149713, -135077, -139187, -133109, -143040, -135288, -138053, -136027, -136980, -150086, -137891, -144190, -140045, -144132]
day=128 max=-130730 idx=19 scores=[-145513, -132580, -138204, -133047, -149062, -149352, -142277, -146659, -136408, -145993, -143131, -151438, -141386, -137190, -140374, -142668, -154980, -137419, -144955, -130730, -147207, -152587, -139298, -140543, -148081, -154665]
day=129 max=-131559 idx=19 scores=[-159792, -148493, -142342, -147045, -159922, -144005, -141979, -138864, -142468, -148529, -134971, -149303, -148305, -141604, -137498, -140867, -143720, -145763, -140703, -131559, -148362, -142083, -134171, -150957, -140331, -153549]
day=130 max=-131765 idx=19 scores=[-158423, -145347, -159110, -141635, -147866, -155627, -145578, -153237, -142354, -148820, -140186, -153680, -151687, -140256, -149186, -142459, -145069, -145860, -147067, -131765, -149526, -144896, -138656, -153925, -160970, -144668]
day=131 max=-132090 idx=19 scores=[-153455, -132453, -151055, -139718, -155897, -160520, -145798, -155198, -144450, -153074, -136851, -145147, -149399, -156260, -152162, -151462, -158034, -133953, -138481, -132090, -139523, -161423, -138887, -139154, -161204, -158996]
day=132 max=-141544 idx=23 scores=[-157256, -144091, -153244, -146569, -161797, -146971, -151943, -156957, -145408, -147844, -152731, -149303, -147127, -153524, -147964, -152450, -143559, -144332, -142855, -144440, -141567, -156239, -151633, -141544, -147661, -161327]
day=133 max=-139091 idx=10 scores=[-146533, -146555, -156838, -140695, -161335, -159415, -150744, -147094, -141888, -145430, -139091, -154058, -146928, -156301, -151339, -146462, -161376, -148795, -145750, -144068, -157562, -146072, -144921, -142228, -161173, -153829]
day=134 max=-136204 idx=17 scores=[-156388, -137801, -155253, -141571, -162041, -149296, -158423, -153276, -145701, -149978, -140601, -155987, -156252, -143026, -139593, -148896, -160700, -136204, -145964, -136557, -149475, -159247, -145040, -143083, -157766, -155403]
day=135 max=-141045 idx=19 scores=[-165438, -145897, -147947, -153637, -151605, -158534, -150474, -153418, -160430, -157011, -150337, -150141, -151775, -144198, -149799, -142347, -162613, -145338, -155687, -141045, -160097, -160275, -147101, -161327, -162840, -161838]
day=136 max=-143562 idx=3 scores=[-157310, -150746, -159138, -143562, -166202, -165434, -162471, -149118, -150745, -153668, -144399, -153324, -156401, -148034, -150641, -157217, -159753, -156347, -160855, -146923, -151477, -165169, -148045, -157908, -162530, -156810]
day=137 max=-144130 idx=9 scores=[-158859, -153402, -168631, -148909, -164929, -148661, -155770, -160855, -146506, -144130, -148910, -161364, -167312, -163622, -154285, -152071, -154067, -147131, -164241, -148437, -147175, -168665, -156547, -151750, -167905, -155569]
day=138 max=-140841 idx=17 scores=[-172205, -144099, -152347, -143781, -153862, -167370, -157204, -155981, -153421, -148749, -160481, -156924, -155360, -161806, -151682, -144924, -150649, -140841, -164686, -148132, -157523, -166797, -142578, -153530, -161702, -150906]
day=139 max=-142280 idx=22 scores=[-167424, -150459, -157504, -159772, -156052, -155990, -160130, -157724, -153550, -152780, -160567, -151222, -164774, -156081, -147176, -157826, -161040, -148390, -152316, -160043, -167130, -157798, -142280, -150248, -165810, -155183]
day=140 max=-145161 idx=17 scores=[-160962, -153385, -171427, -158055, -158162, -151922, -155587, -154245, -152513, -161435, -147674, -166328, -156243, -151899, -155890, -159355, -166503, -145161, -161528, -152412, -153913, -164383, -151505, -151550, -173165, -154582]
day=141 max=-147820 idx=15 scores=[-165302, -162539, -165492, -152287, -162081, -169905, -167881, -156584, -158241, -152254, -165500, -169797, -170150, -166526, -163480, -147820, -165419, -155263, -165856, -161658, -163724, -171482, -163284, -154524, -166358, -164211]
day=142 max=-147860 idx=14 scores=[-171211, -151401, -165466, -157760, -174106, -171971, -164167, -161430, -156097, -151963, -148822, -153391, -164173, -155508, -147860, -154909, -159237, -157505, -168666, -157820, -169804, -160344, -159480, -165962, -162117, -172726]
day=143 max=-150496 idx=3 scores=[-173187, -150594, -170985, -150496, -161687, -163163, -168901, -157642, -170964, -164612, -154772, -173799, -170591, -157813, -157765, -158643, -163386, -156883, -161367, -157906, -165332, -172861, -151306, -161560, -157644, -161774]
day=144 max=-150829 idx=19 scores=[-164359, -164896, -161047, -166920, -164183, -160382, -160141, -174372, -157636, -153679, -152858, -168508, -173531, -168048, -162957, -154411, -168918, -161734, -159286, -150829, -166002, -162322, -163501, -158304, -167917, -159245]
day=145 max=-151055 idx=3 scores=[-171822, -155706, -159919, -151055, -168763, -165031, -160616, -158790, -159073, -166341, -157391, -171208, -180264, -166703, -157639, -158041, -168346, -160435, -169868, -165722, -156385, -178996, -152053, -157968, -169517, -168640]
day=146 max=-150150 idx=3 scores=[-180584, -156031, -161466, -150150, -178339, -170615, -174467, -167464, -166948, -169401, -170675, -170451, -176580, -164104, -157459, -169340, -174654, -160381, -172598, -152985, -170536, -174187, -168523, -166300, -176449, -170890]
day=147 max=-150552 idx=1 scores=[-166578, -150552, -161899, -162034, -167223, -168331, -158570, -172400, -165510, -158375, -159372, -160905, -177790, -165918, -155605, -170581, -172915, -165665, -166545, -160081, -175362, -166517, -156057, -176361, -169848, -174018]
day=148 max=-154640 idx=19 scores=[-171552, -161853, -182485, -171580, -167257, -169819, -160606, -166464, -161263, -157406, -166167, -177941, -172546, -163790, -165581, -170191, -165603, -159022, -176940, -154640, -175067, -181230, -157435, -168063, -168416, -174545]
day=149 max=-155689 idx=9 scores=[-183092, -165778, -168517, -167899, -166126, -182106, -162189, -167173, -177721, -155689, -171488, -168807, -185442, -168828, -157988, -162587, -174185, -157461, -176912, -156061, -178265, -174163, -170482, -170289, -180505, -181779]
day=150 max=-159053 idx=22 scores=[-171183, -163079, -173923, -171808, -167788, -170350, -163921, -178058, -166828, -159730, -161443, -182830, -168067, -169657, -174448, -171060, -169401, -159908, -164495, -171885, -172889, -186878, -159053, -174301, -174628, -170422]
day=151 max=-158795 idx=15 scores=[-175610, -165588, -178761, -162822, -174489, -169944, -166517, -168206, -175379, -163534, -170437, -179817, -187145, -172959, -167924, -158795, -170217, -164542, -173162, -173756, -167967, -172968, -173327, -177749, -185696, -181089]
day=152 max=-157266 idx=17 scores=[-184685, -157811, -171139, -163995, -172247, -168645, -165462, -168373, -169281, -162433, -178811, -166632, -171065, -163296, -175526, -172753, -171117, -157266, -173337, -172742, -178194, -177710, -160421, -169537, -176542, -176623]
day=153 max=-158281 idx=1 scores=[-172263, -158281, -180358, -159143, -184079, -171345, -174604, -173038, -165862, -173150, -170578, -173529, -190759, -179242, -174022, -167906, -171317, -169592, -183997, -160100, -172239, -189109, -160338, -169175, -185655, -183394]
day=154 max=-162574 idx=17 scores=[-175494, -167623, -179702, -176534, -181878, -176813, -183981, -173848, -167220, -173597, -173447, -184352, -179312, -174689, -168980, -180149, -188372, -162574, -180270, -175366, -170718, -189949, -172371, -178930, -188620, -173588]
day=155 max=-161854 idx=1 scores=[-188296, -161854, -173440, -167001, -176907, -184457, -174583, -180976, -167933, -179553, -163883, -173360, -192065, -167509, -166381, -175303, -180731, -178564, -176771, -164045, -174711, -178449, -179077, -175603, -187683, -188716]
day=156 max=-162064 idx=19 scores=[-190056, -177664, -191118, -169663, -182448, -179006, -176599, -176356, -182750, -177779, -180589, -174440, -178766, -184251, -173593, -174481, -183261, -173297, -184808, -162064, -188016, -194244, -171655, -178460, -179362, -188381]
day=157 max=-165767 idx=10 scores=[-185603, -177567, -178543, -174103, -181414, -183069, -182370, -191134, -170425, -170829, -165767, -179088, -186373, -172993, -177564, -171808, -183962, -178645, -182834, -170057, -175033, -179131, -171926, -179582, -192449, -175237]
day=158 max=-170360 idx=13 scores=[-187890, -171966, -178599, -176832, -193154, -189579, -172631, -185475, -173340, -182748, -171222, -181276, -187908, -170360, -182452, -175197, -191181, -177544, -181529, -170538, -181563, -192926, -182265, -179915, -189140, -179458]
day=159 max=-165682 idx=22 scores=[-196233, -176916, -182670, -173641, -183201, -184799, -176923, -181772, -180328, -180744, -175208, -179780, -196619, -189524, -171964, -184809, -178243, -166826, -173491, -173745, -173950, -192119, -165682, -175677, -187914, -188305]
day=160 max=-165667 idx=19 scores=[-183106, -182578, -191149, -179831, -191852, -180756, -176622, -194489, -178471, -169786, -177671, -194394, -185114, -177331, -183247, -167863, -179156, -170392, -177287, -165667, -177926, -197685, -175217, -190421, -182127, -184570]
day=161 max=-171918 idx=15 scores=[-184720, -172842, -183723, -182640, -198581, -194162, -179534, -178645, -182814, -176677, -178280, -181604, -185789, -176126, -188064, -171918, -192898, -186610, -177444, -182420, -177285, -185260, -185417, -177095, -180952, -183069]
day=162 max=-172011 idx=1 scores=[-200224, -172011, -191271, -172192, -198216, -182121, -182022, -192663, -174731, -187716, -175516, -188323, -195685, -180768, -182959, -179723, -197543, -176608, -188350, -174479, -184376, -185781, -181724, -188937, -184428, -188940]
day=163 max=-176196 idx=9 scores=[-201786, -180115, -195293, -185767, -197470, -182789, -180029, -198289, -192096, -176196, -191113, -185464, -194463, -188164, -185752, -182488, -200608, -186339, -184460, -183857, -186446, -187772, -177918, -189209, -195811, -186694]
day=164 max=-175182 idx=15 scores=[-191070, -178047, -198108, -180268, -203562, -183849, -184439, -189290, -181281, -181804, -180433, -199440, -186084, -190139, -183827, -175182, -188254, -181037, -189555, -186473, -181600, -193994, -188268, -185352, -190085, -198220]
day=165 max=-173093 idx=17 scores=[-188045, -189800, -189156, -185749, -185066, -185936, -183766, -184784, -194666, -189591, -180626, -186877, -193268, -181094, -186687, -176377, -201912, -173093, -182905, -175780, -187676, -205711, -186411, -197328, -185387, -201848]
day=166 max=-176390 idx=15 scores=[-197340, -181244, -195064, -184719, -197912, -192409, -190872, -196218, -198425, -190312, -177797, -192922, -206543, -189754, -187233, -176390, -201686, -190699, -181067, -178927, -191374, -205262, -178884, -192082, -195132, -197113]
day=167 max=-177126 idx=9 scores=[-201245, -180181, -187431, -193180, -198984, -186733, -186937, -193974, -197298, -177126, -188713, -191890, -193487, -198659, -188069, -188021, -186474, -191859, -187715, -185157, -194978, -190342, -186764, -195468, -197168, -198807]
day=168 max=-175016 idx=19 scores=[-193818, -187665, -191805, -191207, -189374, -201300, -200446, -189483, -194825, -178554, -187368, -198491, -207365, -186488, -195081, -192166, -201313, -189985, -201402, -175016, -190441, -204708, -191477, -199931, -191120, -203046]
day=169 max=-175563 idx=1 scores=[-191501, -175563, -192789, -182102, -207958, -199486, -202733, -189125, -197473, -186706, -183135, -187099, -204475, -200446, -195694, -177965, -195584, -178034, -184673, -194304, -203690, -202003, -179970, -203784, -203257, -193703]
day=170 max=-184576 idx=9 scores=[-196163, -186078, -202587, -196370, -198566, -200627, -204471, -198948, -185570, -184576, -197551, -202085, -204599, -199175, -198614, -194663, -204400, -185801, -192996, -186401, -189026, -210122, -195641, -197723, -203031, -194086]
day=171 max=-179090 idx=3 scores=[-205531, -183973, -204994, -179090, -202129, -194574, -201651, -198007, -184751, -196500, -188608, -196214, -195996, -202074, -199228, -181900, -196580, -183739, -189053, -187335, -193040, -209628, -179965, -187419, -200557, -194946]
day=172 max=-190369 idx=18 scores=[-210039, -195208, -210100, -194146, -209484, -201972, -194702, -208691, -205618, -199823, -202775, -200972, -214128, -202720, -193203, -199802, -200156, -192253, -190369, -192735, -198594, -203703, -192611, -204447, -210053, -203084]
day=173 max=-180899 idx=22 scores=[-210939, -181793, -199700, -195627, -209286, -208398, -202510, -206882, -201640, -189152, -187876, -203697, -199009, -204986, -186233, -192795, -209121, -189119, -202948, -197964, -195626, -203903, -180899, -207660, -205606, -202048]
day=174 max=-183354 idx=1 scores=[-208678, -183354, -213855, -193953, -211482, -198663, -208687, -203729, -204645, -191881, -190856, -194079, -214081, -190756, -192350, -203469, -213560, -187472, -195412, -194846, -208127, -206247, -201074, -191512, -213443, -205695]
day=175 max=-184406 idx=1 scores=[-204061, -184406, -198317, -189994, -198200, -198683, -210508, -204186, -199759, -202303, -190366, -206860, -209686, -191035, -199085, -196335, -202430, -192926, -194722, -185136, -194358, -207169, -192539, -205572, -209583, -205010]
day=176 max=-186873 idx=22 scores=[-212256, -189407, -209981, -188472, -201167, -214194, -208465, -210278, -199084, -194042, -195250, -200963, -203205, -201365, -187827, -201242, -203544, -197266, -197142, -198784, -200211, -201928, -186873, -208173, -207751, -210997]
day=177 max=-186330 idx=3 scores=[-209314, -187775, -201019, -186330, -205300, -216064, -198546, -200012, -194772, -191085, -194758, -197471, -209387, -202849, -192430, -188423, -200783, -193814, -198987, -198943, -213777, -202464, -186457, -199488, -216902, -200020]
day=178 max=-186782 idx=1 scores=[-212856, -186782, -216005, -195479, -217356, -218072, -200655, -211540, -195343, -199495, -205677, -202897, -217325, -211156, -205678, -197763, -200182, -190787, -208211, -192863, -207613, -210301, -204439, -207174, -208093, -207721]
day=179 max=-186751 idx=1 scores=[-217511, -186751, -203110, -193396, -209583, -204415, -208093, -211211, -206189, -201837, -195959, -199580, -215565, -201771, -209570, -198001, -217759, -201780, -197493, -198426, -213323, -208154, -201811, -212707, -220947, -202742]
day=180 max=-190899 idx=22 scores=[-206608, -202181, -211130, -199481, -222794, -214165, -206943, -202634, -197525, -195329, -194052, -206630, -212401, -213803, -191086, -200544, -209653, -199645, -213671, -196599, -203998, -217336, -190899, -206878, -222219, -208356]
day=181 max=-192515 idx=14 scores=[-219337, -198751, -207804, -199900, -211452, -205359, -211859, -210933, -202861, -200076, -201987, -201261, -210461, -208056, -192515, -195810, -214168, -194041, -216051, -199101, -217798, -206909, -200521, -210092, -223443, -212661]
day=182 max=-193600 idx=3 scores=[-222707, -207589, -205020, -193600, -208332, -205735, -208375, -210042, -210052, -214196, -196654, -205912, -211716, -203762, -211667, -201706, -219218, -196106, -208874, -203734, -209313, -212410, -195236, -215523, -222983, -221104]
day=183 max=-194272 idx=19 scores=[-223141, -205457, -221363, -195038, -225542, -219109, -208023, -215283, -202093, -214216, -200003, -222294, -212736, -206920, -213878, -209014, -212972, -195679, -209349, -194272, -215875, -223220, -202865, -212370, -208265, -205329]
day=184 max=-198978 idx=1 scores=[-225139, -198978, -209904, -212477, -215747, -214289, -218258, -206844, -203992, -216873, -210435, -219465, -227651, -211650, -201915, -200865, -212919, -200671, -213682, -200796, -211548, -209789, -213363, -220694, -218572, -220999]
day=185 max=-196191 idx=1 scores=[-230181, -196191, -217905, -198712, -215980, -207301, -209173, -223541, -202708, -206062, -208593, -209419, -228557, -210461, -205091, -197059, -227802, -202512, -220137, -203868, -222950, -217001, -202108, -211940, -222064, -226379]
day=186 max=-195943 idx=19 scores=[-221963, -198480, -212448, -198836, -224038, -214281, -218644, -219720, -210613, -202147, -218890, -225036, -221171, -207083, -210684, -210277, -211079, -214966, -216204, -195943, -217362, -220906, -207282, -210987, -213861, -226474]
day=187 max=-199241 idx=14 scores=[-222818, -208252, -212971, -216080, -214394, -222749, -218766, -215354, -214130, -211087, -204705, -217666, -213994, -224119, -199241, -216032, -210895, -212339, -210394, -210360, -215538, -227489, -210080, -207483, -227391, -226034]
day=188 max=-199777 idx=3 scores=[-224418, -208811, -218126, -199777, -229847, -230734, -207826, -223645, -207213, -209915, -207331, -228083, -230799, -217401, -215774, -218727, -216727, -211822, -216624, -215539, -218347, -227844, -199881, -223140, -229115, -214289]
day=189 max=-198986 idx=1 scores=[-221835, -198986, -221455, -214930, -224193, -225668, -226623, -212607, -206419, -214239, -211317, -224051, -224199, -214499, -216309, -219012, -223887, -207696, -217423, -202039, -226182, -228559, -199751, -220852, -215345, -228356]
day=190 max=-202677 idx=19 scores=[-234972, -217903, -215350, -207698, -234956, -226319, -225664, -228678, -211740, -217974, -216474, -215416, -231416, -228125, -206106, -215542, -220416, -212307, -218766, -202677, -213239, -233656, -215938, -209885, -220701, -221611]
day=191 max=-203565 idx=1 scores=[-219613, -203565, -218141, -218183, -221938, -219239, -220359, -230985, -221957, -217460, -219551, -224776, -225957, -216141, -206729, -213692, -235175, -218202, -225619, -210388, -211676, -218472, -219419, -210791, -233748, -232425]
day=192 max=-206042 idx=1 scores=[-235620, -206042, -234525, -210180, -232783, -220570, -224504, -219425, -215493, -215639, -208292, -233046, -237810, -229403, -219126, -221857, -220980, -209707, -230996, -206118, -225218, -234835, -209360, -229481, -223763, -216509]
day=193 max=-203313 idx=19 scores=[-237786, -207803, -218542, -222799, -230519, -234199, -225862, -235442, -213098, -217809, -225980, -229347, -226395, -229873, -211129, -221306, -229191, -206117, -230233, -203313, -224528, -240218, -223706, -226340, -223113, -226487]
day=194 max=-204311 idx=19 scores=[-241468, -211209, -232323, -218579, -221557, -225110, -214875, -227783, -213809, -212041, -222698, -232740, -224118, -220118, -227266, -222653, -223141, -211357, -233683, -204311, -218307, -225888, -216050, -219295, -221444, -227973]
day=195 max=-208933 idx=22 scores=[-233442, -221450, -228144, -222845, -235656, -219695, -214591, -221501, -219853, -220416, -225304, -229100, -240796, -225809, -223406, -223795, -239641, -216459, -220871, -215344, -217606, -230708, -208933, -230159, -233007, -237811]
day=196 max=-213866 idx=15 scores=[-236288, -223267, -239055, -224932, -228623, -233524, -226422, -240043, -226544, -227010, -219822, -237388, -226649, -227622, -229378, -213866, -237539, -223159, -231342, -225255, -232644, -226224, -214608, -225522, -241302, -228978]
day=197 max=-211786 idx=19 scores=[-237320, -221125, -225615, -224822, -231303, -225991, -220532, -227820, -219112, -227968, -215123, -222553, -238630, -235985, -225149, -215672, -233778, -224694, -223014, -211786, -232818, -237799, -225346, -237430, -225690, -222831]
day=198 max=-213719 idx=1 scores=[-231886, -213719, -226733, -222260, -242871, -230662, -229268, -233842, -217126, -218864, -224908, -227991, -242646, -221639, -214755, -216214, -241100, -216941, -225668, -223537, -219588, -244961, -218620, -237461, -241837, -241512]
day=199 max=-211506 idx=22 scores=[-235196, -216406, -234179, -217385, -236223, -233700, -237122, -242202, -227007, -224859, -222635, -233909, -231793, -237091, -231511, -214817, -242447, -211684, -233636, -229894, -239298, -239215, -211506, -222456, -241014, -230016]
day=200 max=-215531 idx=19 scores=[-230325, -215771, -246522, -232422, -243237, -226424, -232917, -232813, -233265, -221971, -230269, -235596, -240751, -238002, -230765, -226599, -240415, -226445, -227595, -215531, -231012, -235279, -230880, -222312, -246561, -240451]
day=201 max=-216704 idx=17 scores=[-247221, -223563, -240903, -223579, -240938, -227205, -236467, -235735, -225896, -219085, -218403, -235655, -238294, -241074, -218544, -218785, -230373, -216704, -236755, -231172, -238477, -243734, -228642, -227250, -235057, -236250]
day=202 max=-218755 idx=9 scores=[-251158, -221679, -246177, -219302, -249406, -238614, -235375, -228191, -239483, -218755, -235469, -231588, -236457, -235338, -225487, -230773, -247375, -230144, -224791, -231450, -229814, -242460, -229368, -232094, -234354, -235937]
day=203 max=-223191 idx=22 scores=[-253773, -233448, -235916, -228827, -245949, -246553, -233320, -244295, -236373, -233960, -227339, -245173, -239849, -241601, -234091, -234050, -240222, -224607, -228310, -226985, -231335, -243163, -223191, -233445, -233321, -248147]
day=204 max=-219943 idx=14 scores=[-242898, -229852, -237696, -224765, -233639, -243265, -244436, -245235, -225171, -240011, -236334, -238562, -254651, -237204, -219943, -236535, -240248, -224926, -241071, -221684, -246276, -249397, -220882, -226668, -251983, -235165]
day=205 max=-217211 idx=19 scores=[-250085, -235132, -236313, -225489, -237216, -235016, -232579, -233855, -241748, -234671, -227960, -242776, -247688, -234009, -231249, -226429, -243037, -231410, -239342, -217211, -238747, -252993, -231010, -244600, -235924, -241504]
day=206 max=-224919 idx=19 scores=[-240185, -227991, -252511, -229707, -254510, -234278, -231259, -245725, -246251, -232995, -233597, -243366, -244770, -239863, -234958, -228611, -243934, -239017, -229285, -224919, -241095, -245308, -232489, -240617, -236437, -248889]
day=207 max=-225399 idx=14 scores=[-248128, -237748, -247734, -228940, -248448, -243312, -247993, -245993, -230401, -231097, -226874, -249662, -242211, -241844, -225399, -237794, -253144, -236877, -234846, -233687, -237120, -252073, -234359, -242639, -247831, -238551]
day=208 max=-225301 idx=19 scores=[-247375, -228175, -246884, -226108, -251395, -239406, -239714, -249998, -234630, -230941, -231345, -242632, -246948, -235410, -235193, -240723, -237117, -233577, -237494, -225301, -234196, -241323, -233635, -243858, -256824, -244279]
day=209 max=-226945 idx=14 scores=[-246844, -240540, -253734, -238905, -241631, -244049, -234767, -253634, -240373, -234008, -228269, -243725, -255874, -234006, -226945, -241780, -249756, -231378, -250533, -232379, -246301, -248876, -232501, -240463, -258027, -255285]
day=210 max=-228360 idx=3 scores=[-249580, -231008, -253949, -228360, -245228, -254602, -242145, -242422, -241329, -229696, -237026, -245428, -247349, -249048, -229605, -239778, -242147, -242903, -237780, -238609, -253320, -259863, -234215, -252238, -259510, -249800]
day=211 max=-224791 idx=1 scores=[-254289, -224791, -250910, -233438, -260492, -243843, -248032, -251748, -243869, -229790, -232865, -250555, -247884, -243413, -234673, -246994, -253985, -244457, -252971, -226589, -235831, -245646, -236555, -237275, -249906, -253277]
day=212 max=-226485 idx=1 scores=[-264804, -226485, -250884, -244485, -260605, -258213, -243305, -250072, -241371, -243805, -245962, -240933, -251504, -242542, -244217, -229101, -246462, -241828, -245979, -240850, -240960, -262262, -227793, -240178, -252546, -257492]
day=213 max=-229513 idx=15 scores=[-249028, -245112, -250689, -240386, -262023, -261475, -246718, -254505, -252452, -243164, -232865, -249547, -263026, -248667, -244614, -229513, -248712, -234658, -237848, -231948, -257216, -252908, -241519, -245588, -256768, -253212]
day=214 max=-229139 idx=22 scores=[-265294, -230959, -261815, -235128, -261165, -258994, -250077, -247784, -248759, -247410, -239794, -252912, -260214, -242302, -246720, -240577, -256463, -243498, -243297, -243370, -250068, -247345, -229139, -242699, -249519, -245633]
day=215 max=-233523 idx=1 scores=[-251601, -233523, -264281, -235257, -263169, -251037, -240739, -258264, -256241, -245698, -235625, -259656, -261146, -249118, -242561, -236421, -259157, -240892, -250941, -240883, -249383, -261792, -244990, -256864, -255881, -259178]
day=216 max=-233242 idx=1 scores=[-258027, -233242, -253472, -236876, -249758, -264575, -246651, -251382, -254830, -235424, -236348, -260492, -253801, -246564, -246649, -252519, -264866, -247983, -248044, -241236, -259130, -259286, -239559, -258261, -257152, -256994]
day=217 max=-232254 idx=22 scores=[-261761, -249668, -257848, -234516, -265764, -261556, -260576, -253877, -252606, -241727, -243668, -246340, -266053, -241577, -251394, -251636, -256011, -244206, -253934, -232504, -250736, -268615, -232254, -246215, -259821, -248906]
day=218 max=-235137 idx=3 scores=[-254739, -244125, -262236, -235137, -255990, -262259, -262072, -258768, -256577, -254301, -241532, -262032, -270399, -257311, -244528, -251728, -268866, -246094, -261568, -245405, -246182, -253643, -239215, -254676, -251073, -257919]
day=219 max=-236038 idx=22 scores=[-267314, -240174, -265822, -247239, -266487, -255017, -253240, -259448, -246550, -242777, -246335, -257004, -262268, -261478, -245983, -243256, -258836, -236630, -252450, -251753, -245606, -253319, -236038, -258685, -260039, -260206]
day=220 max=-236151 idx=1 scores=[-268007, -236151, -267753, -248204, -259218, -267946, -252340, -259039, -255013, -250249, -247797, -254911, -261649, -248927, -257174, -240421, -260128, -246019, -249854, -242647, -254336, -258275, -240023, -264298, -259879, -256697]
day=221 max=-238245 idx=19 scores=[-262973, -248158, -257175, -242090, -272438, -270011, -260066, -253961, -247704, -241018, -242440, -251762, -263833, -247101, -245755, -239823, -259856, -248757, -251699, -238245, -251143, -271202, -253925, -256415, -264738, -261099]
day=222 max=-240184 idx=1 scores=[-274215, -240184, -272762, -245955, -258566, -267080, -259215, -253705, -263294, -256426, -249951, -251520, -264456, -251577, -241508, -241460, -257414, -246550, -255839, -251621, -267757, -267102, -249373, -249865, -266964, -269660]
day=223 max=-241264 idx=1 scores=[-273541, -241264, -274967, -253550, -259507, -264315, -250980, -254106, -259462, -247606, -245546, -264175, -272127, -266498, -246294, -245296, -268968, -249529, -257158, -247695, -250038, -269825, -254729, -250669, -267158, -266015]
day=224 max=-241632 idx=22 scores=[-271732, -248271, -275075, -246157, -262675, -265240, -259497, -268580, -250446, -262493, -251799, -260262, -278330, -256795, -253870, -244861, -275158, -252158, -252456, -256466, -268633, -270942, -241632, -259055, -261465, -273865]
day=225 max=-244055 idx=3 scores=[-276082, -252096, -270900, -244055, -275533, -275266, -250969, -268723, -261569, -246266, -247756, -257776, -271297, -269772, -257220, -249954, -271643, -246986, -262615, -255302, -259582, -268682, -248578, -256627, -274186, -269586]
day=226 max=-242478 idx=19 scores=[-275357, -260270, -261973, -249574, -268396, -258062, -265799, -267378, -250548, -261877, -265375, -256590, -271859, -264459, -250887, -262367, -277656, -249218, -271100, -242478, -271375, -270044, -258391, -260389, -269161, -275012]
day=227 max=-245628 idx=17 scores=[-264091, -248662, -261226, -247933, -270695, -266184, -267715, -270719, -268830, -247945, -253216, -263598, -280599, -258159, -257616, -257251, -264814, -245628, -260130, -255256, -272021, -276294, -248282, -260462, -272052, -260622]
day=228 max=-246398 idx=3 scores=[-280841, -260486, -263536, -246398, -267755, -271747, -254384, -270381, -272430, -257368, -250382, -270750, -270150, -270387, -257274, -266789, -263061, -248652, -261508, -252127, -271866, -280629, -253605, -275300, -263983, -269529]
day=229 max=-245109 idx=19 scores=[-281282, -250688, -272902, -261472, -276967, -279329, -265041, -272617, -270851, -266701, -259663, -265020, -284859, -264200, -260346, -264096, -272890, -255561, -275830, -245109, -275248, -267441, -262023, -274857, -281166, -268892]
day=230 max=-258403 idx=13 scores=[-280111, -262918, -267506, -258989, -267440, -279178, -258998, -267709, -264155, -258438, -263507, -280826, -271991, -258403, -263294, -262667, -272642, -265220, -267120, -262987, -262178, -272130, -259537, -259285, -271609, -271975]
day=231 max=-251787 idx=3 scores=[-272885, -258340, -281634, -251787, -274826, -278964, -261726, -271696, -260604, -261858, -268845, -273459, -277873, -274492, -263367, -254425, -270747, -253288, -263359, -255856, -271449, -276216, -266000, -262570, -274083, -280272]
day=232 max=-250084 idx=3 scores=[-289061, -257204, -278509, -250084, -277526, -281610, -278552, -264898, -264577, -263512, -263179, -272705, -274750, -271423, -257282, -269514, -267769, -267746, -260273, -262732, -277483, -276178, -250372, -270654, -286931, -283053]
day=233 max=-251362 idx=17 scores=[-284347, -258446, -277241, -256141, -285863, -278508, -271209, -268723, -274113, -257743, -261651, -273373, -278895, -274873, -256102, -259306, -270059, -251362, -265178, -260167, -263353, -277860, -261332, -264402, -273377, -273682]
day=234 max=-255016 idx=3 scores=[-278467, -262675, -278311, -255016, -283213, -275516, -268668, -283643, -262358, -272823, -258062, -269124, -272840, -261836, -255857, -263925, -272322, -263973, -266266, -269737, -281261, -284789, -260041, -270438, -283074, -280787]
day=235 max=-255120 idx=22 scores=[-286095, -270799, -272824, -258063, -278432, -275472, -278748, -271748, -267779, -262341, -264888, -271927, -286638, -278553, -270963, -267560, -284333, -260103, -270441, -266840, -270233, -292103, -255120, -265918, -285370, -273731]
day=236 max=-261282 idx=22 scores=[-281212, -264945, -288779, -262210, -293048, -282942, -273996, -284364, -276513, -273278, -263482, -273050, -279644, -270538, -267018, -274266, -272983, -265805, -283641, -268635, -283507, -279223, -261282, -279408, -282727, -280124]
day=237 max=-259506 idx=3 scores=[-294237, -270515, -274157, -259506, -287117, -274069, -270087, -283303, -275401, -267496, -276384, -276648, -278322, -273052, -263283, -277491, -285824, -272094, -278563, -270060, -277696, -281394, -271224, -278753, -284777, -280766]
day=238 max=-255098 idx=1 scores=[-279175, -255098, -292578, -258844, -281092, -279857, -269759, -280842, -282994, -268166, -280696, -271086, -289458, -267057, -261886, -269560, -288418, -266890, -279436, -271459, -273802, -278844, -264300, -275304, -291162, -275206]
day=239 max=-258686 idx=17 scores=[-296257, -261587, -276954, -277477, -293757, -289653, -282931, -282808, -274479, -271712, -281754, -280778, -288319, -274717, -271211, -278838, -280602, -258686, -279307, -260397, -282476, -284366, -267280, -282710, -278493, -276424]
day=240 max=-261853 idx=19 scores=[-287958, -262283, -280004, -270833, -297542, -277963, -287768, -286260, -269922, -279464, -282045, -280393, -298248, -287055, -280769, -265324, -291648, -274682, -285483, -261853, -285750, -283261, -277268, -282578, -291106, -275748]
day=241 max=-260003 idx=22 scores=[-298676, -275494, -283369, -275029, -282563, -282143, -288857, -278902, -285243, -273034, -281005, -279093, -294353, -271739, -271067, -270011, -289068, -273355, -286814, -272405, -281463, -287368, -260003, -279480, -287742, -289248]
day=242 max=-264544 idx=14 scores=[-295682, -273042, -286445, -277850, -294528, -291278, -287855, -296794, -275075, -274729, -283760, -284980, -300006, -277877, -264544, -270686, -290699, -278034, -282572, -279421, -284896, -290825, -276660, -282177, -294518, -285274]
day=243 max=-267565 idx=1 scores=[-286711, -267565, -299229, -281362, -296560, -292000, -287752, -296634, -277106, -281620, -284242, -292255, -285711, -273289, -275559, -279509, -285595, -277420, -284367, -272295, -278233, -293555, -276826, -279779, -288551, -280813]
day=244 max=-263896 idx=17 scores=[-299257, -279399, -282344, -271279, -293807, -294117, -275387, -280925, -284491, -268112, -281396, -291709, -300548, -283493, -285968, -272985, -294336, -263896, -292590, -265360, -277155, -304215, -272216, -288692, -285883, -282219]
day=245 max=-274743 idx=19 scores=[-295223, -281065, -289492, -279101, -288023, -292167, -291727, -292755, -292849, -274978, -284069, -283518, -296446, -277768, -286744, -274846, -292633, -276308, -293819, -274743, -282552, -298148, -277858, -279630, -288175, -300270]
day=246 max=-272166 idx=14 scores=[-298447, -282321, -299411, -281344, -305442, -293089, -278045, -293308, -291055, -273223, -285701, -280414, -292166, -281650, -272166, -280817, -285767, -280384, -284180, -284044, -295143, -305771, -276305, -282174, -300427, -283320]
day=247 max=-270808 idx=22 scores=[-299460, -283192, -291066, -275560, -299991, -290465, -288969, -288317, -289644, -290650, -283913, -283621, -292263, -291444, -279608, -287564, -303325, -283441, -294067, -276688, -290301, -288181, -270808, -288769, -297533, -290873]
day=248 max=-267848 idx=19 scores=[-296913, -278888, -291666, -276091, -307168, -301103, -289030, -286321, -287686, -273141, -280124, -285544, -292381, -297305, -278414, -277084, -302862, -280489, -279462, -267848, -296463, -305604, -272847, -289944, -295417, -292670]
day=249 max=-270893 idx=3 scores=[-297691, -272294, -298530, -270893, -304772, -302293, -285617, -286279, -285227, -278900, -277523, -290730, -292353, -292677, -278593, -272077, -290637, -281045, -282851, -271538, -286578, -304256, -271645, -286629, -297752, -294481]
day=250 max=-270768 idx=3 scores=[-302393, -285727, -297036, -270768, -302052, -300773, -290854, -299598, -282393, -287810, -280654, -288002, -300084, -287106, -289892, -290098, -289647, -275589, -285403, -277063, -282703, -302882, -281507, -294199, -303343, -298596]
day=251 max=-270781 idx=1 scores=[-300797, -270781, -306202, -279901, -293336, -289588, -297163, -290530, -299942, -284533, -288393, -289207, -298985, -286129, -288358, -287602, -304456, -273894, -294881, -286424, -291269, -307793, -289943, -300753, -298032, -295328]
day=252 max=-273947 idx=17 scores=[-298039, -288534, -300087, -278862, -301276, -295868, -284986, -292619, -284298, -279471, -292696, -299555, -298678, -285358, -276172, -283227, -309856, -273947, -296533, -288028, -302879, -312562, -290425, -301646, -299014, -291493]
day=253 max=-276066 idx=3 scores=[-306585, -290708, -309106, -276066, -310495, -310077, -286696, -303864, -292958, -286729, -294356, -297643, -315093, -297486, -285375, -291353, -299132, -285798, -295432, -279826, -297928, -299112, -282574, -296819, -294790, -299412]
day=254 max=-277808 idx=1 scores=[-298595, -277808, -310582, -283855, -297049, -310307, -299696, -310363, -303164, -294605, -280985, -295025, -299858, -293832, -283189, -296876, -296383, -289475, -288202, -293439, -302329, -315987, -278711, -305312, -307191, -295595]
day=255 max=-281915 idx=17 scores=[-303238, -292554, -298285, -294488, -299350, -302209, -306114, -298544, -298000, -291182, -282305, -309869, -309099, -304096, -291419, -287472, -313253, -281915, -302845, -293135, -297368, -315779, -292569, -295459, -299381, -302468]
day=256 max=-279024 idx=1 scores=[-312962, -279024, -310474, -295317, -312038, -308989, -297028, -307910, -294812, -284924, -292123, -311914, -310963, -302601, -285241, -289245, -305308, -290710, -293633, -288135, -298016, -310420, -287658, -308068, -308507, -299615]
day=257 max=-285375 idx=3 scores=[-316203, -293896, -310751, -285375, -299605, -306364, -307998, -314914, -288172, -287145, -298175, -303893, -312513, -305467, -293910, -289711, -316544, -291365, -308462, -294409, -301633, -310919, -294813, -308506, -301532, -300580]
day=258 max=-278910 idx=1 scores=[-316942, -278910, -299265, -294595, -300450, -300626, -303668, -305230, -301570, -301243, -290341, -308403, -313647, -305071, -290431, -298878, -305529, -281747, -305160, -287667, -307108, -317681, -295286, -309330, -304970, -308651]
day=259 max=-287241 idx=22 scores=[-313159, -290245, -304345, -300749, -306722, -313258, -292562, -299524, -294947, -288517, -287243, -306487, -322734, -309893, -301989, -297559, -303333, -287367, -311119, -295982, -307147, -313260, -287241, -297394, -308959, -306745]
day=260 max=-286704 idx=22 scores=[-316947, -294179, -310839, -293446, -308086, -303514, -304813, -303287, -305583, -293730, -302725, -301856, -310753, -301602, -301081, -297865, -306285, -292805, -302296, -289841, -305004, -321131, -286704, -297347, -309826, -318319]
day=261 max=-283264 idx=17 scores=[-317557, -289739, -309651, -301897, -305630, -319570, -296204, -314822, -309191, -295864, -298011, -311627, -322715, -297487, -293794, -305373, -313229, -283264, -312801, -293584, -302042, -309527, -301772, -303415, -314111, -313344]
day=262 max=-287779 idx=22 scores=[-327216, -292548, -321487, -302893, -305979, -307072, -304045, -310453, -295001, -297932, -292464, -313190, -310007, -296530, -298022, -290989, -310926, -294954, -309758, -295630, -309368, -309501, -287779, -297183, -312085, -315194]
day=263 max=-287857 idx=1 scores=[-313597, -287857, -305716, -294250, -322634, -318940, -297344, -314252, -309405, -294256, -292679, -320455, -312361, -298088, -294291, -306074, -321134, -289463, -317046, -295586, -306800, -318320, -295804, -300947, -308067, -305155]
day=264 max=-285496 idx=1 scores=[-316748, -285496, -321231, -306613, -313412, -305047, -302584, -312797, -301133, -305917, -307347, -308167, -323914, -303655, -292860, -305062, -317526, -298252, -303104, -288210, -317737, -314514, -292367, -303875, -327087, -306469]
day=265 max=-288316 idx=22 scores=[-315783, -304207, -310454, -298835, -319328, -324018, -311469, -324983, -302105, -305096, -298734, -308585, -326734, -302097, -304506, -293852, -319463, -300047, -305660, -303076, -308362, -314396, -288316, -301664, -327155, -310144]
day=266 max=-294284 idx=9 scores=[-316615, -298846, -319772, -295562, -311869, -306669, -312548, -306742, -316557, -294284, -306484, -306214, -326922, -310144, -310067, -304779, -314350, -305147, -302645, -299338, -304340, -329907, -305209, -313940, -311753, -315536]
day=267 max=-293015 idx=14 scores=[-332646, -300847, -317514, -302529, -326550, -327672, -317116, -317132, -312216, -304298, -300835, -309556, -322391, -309764, -293015, -299668, -319371, -309088, -321146, -296794, -312954, -330676, -301784, -303167, -324825, -326730]
day=268 max=-298196 idx=9 scores=[-322658, -300354, -315234, -300061, -325937, -319243, -305124, -309323, -303942, -298196, -303738, -314240, -316038, -308196, -300880, -305262, -319295, -306124, -304652, -303809, -323296, -332724, -305083, -323401, -322292, -315817]
day=269 max=-292156 idx=19 scores=[-321022, -307260, -328602, -302592, -319804, -310934, -321853, -323089, -314069, -309397, -310256, -319278, -319050, -311937, -296297, -299528, -329847, -298948, -313836, -292156, -316374, -328191, -311972, -308034, -320261, -316737]
day=270 max=-297032 idx=1 scores=[-331166, -297032, -314511, -312226, -332737, -312096, -324611, -323176, -306897, -304388, -302475, -322259, -332415, -321532, -297081, -307827, -322112, -297582, -312193, -308255, -323884, -327886, -303909, -322297, -319529, -318569]
day=271 max=-296175 idx=1 scores=[-329778, -296175, -315394, -312593, -325545, -320764, -312013, -328884, -305240, -308560, -314799, -324433, -336721, -317708, -311500, -310716, -325989, -313524, -318992, -311087, -317163, -321988, -301221, -315867, -324679, -316192]
day=272 max=-297134 idx=1 scores=[-336317, -297134, -326627, -311935, -335581, -326113, -318000, -322580, -313675, -313075, -311161, -316941, -329575, -313417, -301476, -303892, -331132, -312136, -319928, -313610, -322094, -334254, -298191, -322945, -336232, -319092]
day=273 max=-296023 idx=1 scores=[-325131, -296023, -324284, -316923, -327195, -316401, -317539, -316366, -307320, -304858, -308762, -329648, -327866, -311081, -308136, -313666, -335979, -301112, -314367, -303687, -313169, -326722, -300310, -310336, -319922, -321168]
day=274 max=-301657 idx=14 scores=[-331958, -314620, -318740, -311938, -332225, -320237, -317051, -322892, -325755, -308948, -308674, -317516, -324570, -323205, -301657, -315653, -329576, -304078, -314570, -310688, -320370, -329816, -317545, -326502, -335264, -327765]
day=275 max=-306189 idx=15 scores=[-327002, -312400, -333345, -306447, -327027, -328124, -328514, -325899, -321428, -308220, -312508, -330201, -327365, -327523, -310526, -306189, -328633, -316539, -322548, -309551, -313013, -334292, -306594, -320520, -330142, -323763]
day=276 max=-304375 idx=17 scores=[-331347, -306622, -322856, -308743, -329531, -320421, -320549, -331935, -322780, -310340, -321581, -322819, -343097, -313051, -305883, -305901, -333316, -304375, -329033, -311540, -327342, -329561, -319402, -329139, -333102, -319800]
day=277 max=-313351 idx=9 scores=[-339646, -317478, -337649, -318787, -341636, -330405, -326778, -333655, -325390, -313351, -313972, -318306, -344268, -317802, -317120, -320482, -336138, -319147, -319895, -320096, -319612, -332252, -319349, -326392, -335269, -333151]
day=278 max=-305452 idx=3 scores=[-337563, -316711, -328389, -305452, -327865, -325188, -319785, -333727, -323324, -313177, -321351, -333580, -343027, -332605, -309394, -312359, -330451, -308349, -320409, -314379, -328177, -335022, -316537, -334913, -340145, -328253]
day=279 max=-304368 idx=22 scores=[-339356, -321647, -333690, -306092, -337012, -334084, -331009, -330985, -323494, -314783, -322515, -330969, -328926, -332446, -310795, -314680, -328686, -311618, -316735, -307502, -320831, -328488, -304368, -319452, -336726, -336247]
day=280 max=-308490 idx=1 scores=[-342064, -308490, -336749, -319256, -333538, -338742, -333441, -325267, -324913, -328031, -316646, -322267, -339634, -317180, -311082, -309832, -342342, -319519, -333427, -312234, -329209, -347801, -313231, -322676, -330137, -343244]
day=281 max=-309329 idx=3 scores=[-336503, -310583, -332622, -309329, -347348, -337580, -332161, -325114, -318269, -313477, -317182, -341803, -336348, -323189, -314913, -324992, -333520, -321164, -325761, -322567, -335244, -345710, -314891, -339150, -334721, -333833]
day=282 max=-312276 idx=3 scores=[-351554, -320048, -328537, -312276, -348955, -341724, -324263, -340913, -324343, -332029, -328753, -327238, -347221, -338231, -328882, -314100, -347488, -313762, -330223, -318322, -321305, -350721, -320684, -327447, -339806, -328518]
day=283 max=-309436 idx=1 scores=[-341387, -309436, -341240, -323051, -347520, -345215, -331186, -337638, -337620, -313751, -315960, -328310, -336335, -338462, -318811, -319966, -331579, -312669, -335531, -312097, -323087, -352704, -321599, -336105, -344908, -347798]
day=284 max=-308777 idx=1 scores=[-336401, -308777, -340205, -328609, -345530, -332516, -339811, -339693, -328483, -318893, -322160, -342540, -343454, -328663, -320265, -329258, -343366, -313771, -333244, -317006, -337336, -349669, -327271, -338276, -342832, -344450]
day=285 max=-312631 idx=19 scores=[-347933, -323670, -332001, -319129, -351558, -342603, -333898, -340220, -333250, -323522, -324205, -343548, -338760, -331171, -323298, -327737, -348336, -313110, -323987, -312631, -332770, -349669, -312738, -333590, -335005, -348258]
day=286 max=-312380 idx=19 scores=[-351223, -317457, -342043, -319236, -344731, -335069, -326714, -334284, -327659, -327843, -318048, -349074, -352483, -334262, -317878, -333169, -348461, -321680, -340334, -312380, -338043, -354474, -319377, -337003, -350121, -333939]
day=287 max=-319149 idx=22 scores=[-349705, -323742, -343867, -328084, -339091, -340630, -327506, -351815, -333333, -319281, -333122, -347709, -350320, -332802, -324386, -325200, -341334, -332990, -339573, -325115, -330800, -347466, -319149, -338201, -351233, -349581]
day=288 max=-315252 idx=22 scores=[-357326, -319950, -341920, -325725, -338565, -350273, -340722, -335497, -341984, -338010, -328184, -338862, -347045, -338459, -332933, -332523, -340664, -329018, -328200, -328016, -329263, -353049, -315252, -330908, -338213, -353258]
day=289 max=-317065 idx=1 scores=[-350651, -317065, -350790, -323779, -355366, -342143, -330557, -339206, -333993, -332691, -326199, -344827, -342134, -332577, -336233, -323826, -356312, -325163, -332098, -331785, -340250, -347445, -325037, -336248, -346349, -349825]
day=290 max=-319740 idx=19 scores=[-353617, -326185, -353506, -320458, -340379, -347684, -336374, -348933, -339949, -330083, -329463, -336324, -350984, -334228, -325787, -335327, -343146, -320449, -329915, -319740, -348765, -354285, -328422, -344568, -356598, -355657]
day=291 max=-317053 idx=1 scores=[-348793, -317053, -349128, -331361, -356107, -345979, -334177, -340204, -345832, -342859, -335516, -348106, -352348, -335611, -329725, -331303, -345929, -330169, -343953, -328945, -337939, -353757, -324800, -349578, -344763, -353285]
day=292 max=-323875 idx=14 scores=[-352501, -335140, -349349, -333543, -353043, -343873, -349504, -339468, -336600, -329808, -329139, -341390, -353156, -340721, -323875, -330848, -357427, -332335, -332583, -326978, -346398, -356187, -329394, -347261, -350993, -351755]
day=293 max=-320729 idx=17 scores=[-360916, -326772, -359031, -337796, -354686, -351928, -334350, -342984, -350004, -331253, -332830, -338627, -363970, -343765, -329834, -335786, -361176, -320729, -344956, -327888, -335463, -361958, -325381, -346319, -345467, -340428]
day=294 max=-323708 idx=19 scores=[-352511, -336771, -347500, -325653, -349593, -354833, -341738, -344972, -342793, -340021, -344695, -342379, -364530, -340057, -343667, -343648, -350634, -324747, -345970, -323708, -336252, -362172, -325539, -353245, -345639, -345057]
day=295 max=-326140 idx=22 scores=[-351116, -334585, -348829, -330406, -359095, -352795, -341474, -361696, -351292, -340420, -343396, -343961, -351935, -342704, -335302, -342766, -361383, -337168, -340793, -326365, -344058, -348173, -326140, -341728, -350258, -353402]
day=296 max=-330425 idx=17 scores=[-364256, -337860, -357405, -331140, -352459, -358848, -354325, -348546, -336868, -335933, -346060, -348071, -359143, -347493, -338675, -335402, -356728, -330425, -345879, -331537, -346975, -360115, -331645, -356439, -353325, -355326]
day=297 max=-322990 idx=1 scores=[-365844, -322990, -360145, -329736, -362289, -348909, -353895, -350658, -347587, -345092, -349069, -356253, -369869, -357056, -340317, -340345, -359941, -334325, -352236, -338315, -342396, -367360, -330930, -354772, -361059, -361324]
day=298 max=-326756 idx=1 scores=[-353257, -326756, -356918, -337570, -352216, -353158, -348181, -359619, -337043, -345918, -337780, -358353, -357516, -350684, -339451, -332718, -352077, -335603, -342780, -341521, -351233, -370899, -327463, -349963, -358123, -363595]
day=299 max=-332842 idx=14 scores=[-361935, -334215, -354973, -335033, -369530, -352156, -359579, -358110, -343758, -347990, -338978, -351225, -368797, -358016, -332842, -342746, -358752, -346978, -347750, -336057, -347902, -370017, -342863, -342219, -368214, -356416]
day=300 max=-334241 idx=17 scores=[-361696, -341258, -357651, -342092, -356187, -367994, -360187, -361695, -350757, -348615, -351986, -351473, -355042, -353040, -338029, -343711, -366171, -334241, -343635, -343906, -357210, -368457, -335797, -353527, -356255, -365458]
day=301 max=-337957 idx=17 scores=[-374214, -345966, -369740, -347317, -371320, -360203, -358281, -363014, -342492, -353205, -350270, -349416, -360950, -356938, -340044, -338816, -361211, -337957, -350907, -345549, -359928, -364778, -349178, -357572, -363213, -350806]
day=302 max=-335608 idx=15 scores=[-360475, -341682, -357157, -346128, -361986, -366902, -358009, -360076, -348224, -349993, -345915, -358584, -362258, -351466, -342925, -335608, -369659, -348684, -362937, -336760, -348606, -374594, -337332, -346899, -355283, -360038]
day=303 max=-334206 idx=19 scores=[-366346, -348531, -356122, -349788, -357761, -361990, -349138, -368753, -344493, -349876, -351797, -352809, -369477, -351041, -341730, -348906, -364755, -335469, -351271, -334206, -349519, -371836, -349010, -346502, -362741, -363583]
day=304 max=-338595 idx=3 scores=[-368098, -348170, -371347, -338595, -371760, -369742, -359644, -364523, -347096, -347630, -340362, -366316, -369942, -365120, -343659, -339444, -369372, -347715, -349911, -350111, -364077, -376113, -345026, -355551, -372090, -361401]
day=305 max=-336772 idx=17 scores=[-362290, -347774, -360746, -349259, -377332, -373036, -354930, -367262, -348591, -348961, -351416, -363151, -374257, -347031, -345701, -355472, -363843, -336772, -360759, -342148, -366206, -376811, -340628, -361899, -375617, -363376]
day=306 max=-334343 idx=1 scores=[-378499, -334343, -373276, -337263, -360516, -374875, -353206, -359896, -346490, -342901, -347218, -361547, -367675, -364646, -350892, -355953, -366242, -351851, -366209, -335500, -365467, -379235, -339660, -368519, -364072, -369842]
day=307 max=-337005 idx=22 scores=[-373317, -337483, -373556, -353580, -380064, -364197, -355522, -374085, -349062, -360797, -344880, -358734, -363571, -352089, -346642, -340608, -373329, -355118, -351756, -347946, -352010, -378603, -337005, -352403, -372115, -364265]
day=308 max=-338047 idx=1 scores=[-383901, -338047, -367995, -352070, -375143, -369405, -369893, -377857, -355576, -348287, -344602, -369156, -366888, -366800, -342773, -357144, -375719, -339027, -360862, -345673, -359247, -371094, -349214, -368523, -376728, -373436]
day=309 max=-345402 idx=19 scores=[-367983, -354896, -378296, -357775, -370205, -360679, -371111, -371918, -362525, -346108, -356490, -372655, -374522, -361980, -353237, -352156, -364410, -348375, -370656, -345402, -368507, -376108, -358502, -356044, -363756, -377403]
day=310 max=-340900 idx=22 scores=[-368873, -357188, -375449, -347481, -367509, -370384, -372138, -370500, -357536, -361463, -358242, -369590, -373902, -363132, -354250, -351285, -371551, -355753, -355589, -356471, -359056, -382813, -340900, -364793, -372291, -378075]
day=311 max=-343891 idx=3 scores=[-378414, -358414, -382553, -343891, -379226, -380017, -360140, -378768, -364295, -358670, -350147, -371265, -385205, -361433, -355311, -356802, -381025, -356745, -358470, -355816, -363248, -385953, -346268, -359502, -381842, -380449]
day=312 max=-342966 idx=3 scores=[-372811, -358465, -381532, -342966, -372479, -377226, -364878, -380547, -363879, -355058, -355158, -378525, -387135, -361058, -365468, -352081, -368340, -358380, -366335, -343514, -373458, -374115, -360999, -366652, -379318, -364869]
day=313 max=-350670 idx=15 scores=[-386796, -360501, -385121, -350910, -381999, -383760, -375585, -369480, -366379, -368232, -363850, -370000, -388758, -365939, -353390, -350670, -373151, -356637, -375574, -361082, -360147, -386010, -354276, -360050, -386068, -368914]
day=314 max=-344615 idx=19 scores=[-388659, -361754, -375289, -357604, -387130, -384901, -375350, -367936, -371176, -351004, -355550, -364042, -385873, -361698, -367580, -364775, -373013, -354142, -363575, -344615, -371668, -372184, -346901, -360206, -378201, -378136]
day=315 max=-349535 idx=15 scores=[-381789, -351638, -378997, -362254, -372420, -380640, -373510, -367628, -358771, -360024, -361923, -370139, -386513, -370651, -354820, -349535, -377976, -360600, -363031, -352331, -368609, -387966, -353019, -365686, -375721, -375735]
day=316 max=-351016 idx=17 scores=[-386722, -357999, -371288, -355251, -386887, -383189, -374078, -384196, -364512, -360155, -369049, -385107, -394232, -377302, -362611, -361951, -379223, -351016, -373774, -362431, -368745, -383627, -353062, -363666, -385772, -388230]
day=317 max=-354281 idx=1 scores=[-395167, -354281, -375717, -358104, -376040, -383459, -365294, -387856, -378089, -368978, -369130, -376177, -381554, -377767, -364472, -359169, -386337, -365158, -363846, -365809, -367746, -379908, -362529, -379187, -390500, -387653]
day=318 max=-351505 idx=22 scores=[-386103, -361958, -380916, -365053, -385516, -375206, -376938, -380668, -360730, -371703, -359758, -388098, -386913, -365803, -358641, -367841, -381997, -352356, -371701, -354819, -375702, -386274, -351505, -371089, -383624, -374127]
day=319 max=-353159 idx=3 scores=[-387729, -366122, -383621, -353159, -387044, -374909, -372775, -379323, -375883, -359490, -365070, -376943, -387432, -370390, -359761, -368770, -376160, -370293, -369109, -362868, -373574, -383593, -365012, -382068, -384066, -388271]
day=320 max=-352035 idx=17 scores=[-392794, -367241, -378833, -354709, -397427, -378598, -370231, -383695, -369861, -366655, -369040, -378145, -393503, -367144, -367611, -361305, -383755, -352035, -370591, -365476, -367826, -385648, -353431, -377206, -382546, -386742]
day=321 max=-357923 idx=22 scores=[-382146, -362649, -394342, -358809, -386774, -391609, -374039, -381527, -369882, -360985, -373540, -387227, -385914, -375932, -375850, -363165, -392231, -369903, -384738, -363834, -374291, -386434, -357923, -384601, -388989, -379814]
day=322 max=-354812 idx=1 scores=[-389688, -354812, -385853, -364727, -385374, -380737, -386356, -391005, -377561, -365530, -360635, -389395, -391900, -371915, -372200, -371367, -381545, -363666, -387247, -362153, -378410, -389182, -371893, -382763, -398594, -381651]
day=323 max=-356668 idx=3 scores=[-393136, -369979, -380278, -356668, -397018, -386092, -387468, -387934, -377539, -363228, -365506, -390836, -397697, -368729, -362209, -378184, -390525, -367615, -379212, -372517, -375160, -398963, -373521, -371060, -388157, -382937]
day=324 max=-360714 idx=19 scores=[-388421, -368043, -384794, -362610, -398518, -379278, -385171, -387485, -371038, -364203, -363381, -381010, -386385, -373233, -376593, -376473, -392187, -363718, -383315, -360714, -375304, -402756, -361079, -377820, -389474, -390888]
day=325 max=-355867 idx=19 scores=[-401117, -363454, -400607, -374154, -401744, -395000, -380197, -379452, -372445, -366941, -383330, -378196, -386618, -390165, -365095, -377298, -396217, -358926, -378747, -355867, -374966, -401328, -371165, -387848, -393702, -395221]
day=326 max=-360530 idx=17 scores=[-390599, -362319, -385500, -367282, -404376, -393044, -381482, -386753, -378042, -383314, -380191, -394541, -397190, -373204, -369571, -372271, -402041, -360530, -374086, -370174, -375443, -393953, -371321, -390237, -395373, -393356]
day=327 max=-360064 idx=17 scores=[-405585, -362852, -398830, -363770, -386728, -399251, -390976, -391062, -386504, -378255, -378245, -385960, -397402, -388358, -381568, -380582, -395944, -360064, -386805, -371158, -381228, -393286, -365663, -384174, -396911, -385285]
day=328 max=-359108 idx=1 scores=[-400378, -359108, -393436, -367797, -388390, -385562, -390380, -385641, -377532, -379476, -370262, -398730, -407563, -379667, -369753, -378798, -389108, -376244, -392068, -362595, -381531, -391114, -378238, -386068, -398484, -402931]
day=329 max=-363305 idx=3 scores=[-399758, -378255, -401574, -363305, -389805, -388409, -390642, -397490, -385860, -387341, -386691, -391384, -392784, -384195, -374148, -377864, -399808, -365305, -387420, -371990, -388920, -400562, -366755, -394465, -397016, -397959]
day=330 max=-369110 idx=19 scores=[-408756, -371151, -398131, -380579, -392430, -399572, -395834, -391657, -394105, -379794, -382914, -397480, -403195, -381563, -373219, -380423, -392722, -380782, -381033, -369110, -396180, -406394, -380458, -381522, -408149, -397196]
day=331 max=-363652 idx=1 scores=[-411906, -363652, -405370, -380317, -392871, -405627, -392943, -400374, -385821, -372582, -380045, -395696, -399721, -386888, -377604, -376199, -407171, -373617, -380691, -369959, -400209, -403271, -376132, -389448, -399987, -399963]
day=332 max=-365549 idx=19 scores=[-404058, -377512, -409241, -381290, -410640, -397481, -386865, -398595, -395247, -383682, -375628, -390191, -407284, -387200, -370188, -387427, -408877, -377101, -381702, -365549, -397630, -409213, -385440, -385281, -400976, -395580]
day=333 max=-368215 idx=3 scores=[-414064, -376444, -392867, -368215, -406783, -407944, -398859, -406969, -397357, -386128, -378875, -401249, -400147, -392367, -381556, -378554, -407260, -375495, -388565, -381045, -392362, -410179, -383269, -384175, -395431, -403612]
day=334 max=-368209 idx=22 scores=[-404356, -383293, -408952, -384870, -402711, -393646, -395827, -400197, -394832, -389107, -389031, -405213, -403503, -385713, -378903, -379672, -393404, -380575, -394852, -375189, -392391, -412583, -368209, -400713, -409471, -400102]
day=335 max=-372742 idx=14 scores=[-417128, -380362, -407567, -377286, -410730, -392044, -393275, -394934, -392722, -391039, -380049, -408601, -404058, -391521, -372742, -389351, -409944, -378082, -384189, -381608, -391497, -407045, -379037, -395433, -410373, -393527]
day=336 max=-370428 idx=1 scores=[-410426, -370428, -406950, -374937, -400999, -395188, -398624, -406246, -398234, -389929, -386034, -395932, -411123, -399709, -393176, -377215, -400517, -386474, -387330, -380944, -390517, -403949, -386021, -405764, -414916, -407081]
day=337 max=-370250 idx=1 scores=[-415939, -370250, -398159, -384168, -400065, -412901, -400244, -407157, -400553, -388736, -391387, -401289, -408488, -403493, -377856, -389037, -406559, -389235, -390652, -377594, -405852, -412816, -376706, -397562, -402015, -408712]
day=338 max=-370219 idx=1 scores=[-411899, -370219, -399209, -374909, -410160, -403440, -405010, -413958, -397362, -390354, -394171, -399744, -409432, -392045, -389964, -385282, -409166, -390004, -393005, -377717, -405121, -415451, -389135, -405917, -415580, -406488]
day=339 max=-375060 idx=19 scores=[-405863, -381542, -409669, -379757, -419617, -398368, -406934, -396407, -403212, -395045, -398764, -413714, -404352, -406013, -391805, -389397, -409793, -377924, -402805, -375060, -395020, -405117, -392202, -407755, -411264, -414417]
day=340 max=-375606 idx=17 scores=[-416670, -375945, -401123, -388729, -421875, -399497, -404194, -414444, -398036, -389421, -400717, -408547, -421260, -396190, -394832, -393086, -406893, -375606, -390659, -383129, -399135, -406121, -379993, -398022, -417549, -410760]
day=341 max=-377482 idx=19 scores=[-417787, -388146, -409509, -385992, -414980, -414262, -393158, -405033, -395256, -386021, -389308, -412122, -413944, -396102, -388304, -386066, -418297, -393519, -402321, -377482, -410314, -417800, -390069, -394669, -417758, -416965]
day=342 max=-382293 idx=17 scores=[-416664, -385904, -412234, -386420, -419817, -417180, -396863, -417934, -392091, -391307, -388198, -408110, -414230, -403073, -398871, -386377, -416287, -382293, -408255, -385341, -401532, -419369, -394924, -411439, -415463, -417977]
day=343 max=-378989 idx=22 scores=[-411401, -394385, -413594, -395077, -409417, -405844, -395197, -420222, -405151, -388873, -402315, -404201, -410705, -402448, -391404, -397383, -407036, -395459, -399723, -388932, -396009, -415896, -378989, -402192, -423725, -412048]
day=344 max=-379820 idx=17 scores=[-421007, -393069, -407782, -382505, -419011, -407184, -410643, -419912, -398923, -393758, -389195, -400360, -416989, -402536, -387234, -391823, -405180, -379820, -400570, -387472, -401369, -412631, -382919, -411776, -417484, -417881]
day=345 max=-380124 idx=1 scores=[-422403, -380124, -414458, -395294, -422565, -408243, -406393, -406971, -393567, -398316, -397079, -409713, -420697, -400843, -403595, -398325, -409659, -393194, -403521, -391685, -397707, -411174, -388181, -400462, -422346, -412653]
day=346 max=-382020 idx=17 scores=[-421176, -388141, -411884, -390582, -413165, -419140, -403741, -418592, -401571, -397678, -388697, -404061, -417946, -415002, -393592, -398950, -420979, -382020, -405325, -386826, -415415, -419867, -385574, -410268, -424863, -411564]
day=347 max=-386552 idx=3 scores=[-429602, -393058, -424989, -386552, -411156, -422172, -405240, -423657, -398970, -394188, -403611, -419347, -432438, -410464, -406616, -405039, -415855, -399898, -401216, -400131, -400674, -429408, -392925, -405608, -413271, -424727]
day=348 max=-389602 idx=1 scores=[-421020, -389602, -415994, -397249, -421394, -408860, -408373, -426574, -403458, -396201, -406876, -413098, -420436, -411624, -390430, -393614, -417760, -396804, -412505, -400630, -407569, -426523, -398230, -407318, -419624, -415582]
day=349 max=-386822 idx=19 scores=[-422270, -390920, -415817, -393018, -419640, -419425, -401383, -411699, -410146, -409876, -395098, -424493, -427904, -409397, -405036, -401354, -420320, -395065, -413855, -386822, -404470, -430873, -393658, -414738, -423238, -409266]
day=350 max=-386121 idx=1 scores=[-428603, -386121, -418054, -404990, -417120, -410929, -402038, -418290, -413778, -409078, -398509, -410140, -437048, -420877, -396225, -390382, -417534, -391457, -412066, -402637, -413167, -430137, -399251, -411838, -433003, -424298]
day=351 max=-395798 idx=22 scores=[-424922, -399421, -428686, -403985, -426989, -428604, -409626, -420038, -405536, -398706, -398880, -408605, -435082, -413493, -407292, -406006, -424743, -406037, -418068, -402154, -405941, -433735, -395798, -405651, -422898, -412556]
day=352 max=-398123 idx=22 scores=[-423895, -400327, -414820, -398358, -429728, -429726, -419000, -429776, -414652, -405155, -401171, -411428, -432965, -415444, -399835, -398911, -426456, -400095, -414175, -400944, -416497, -420132, -398123, -409977, -435024, -428747]
day=353 max=-392724 idx=17 scores=[-426526, -398107, -428804, -403154, -433836, -428642, -424167, -423216, -416249, -414440, -403042, -414513, -429391, -419737, -399096, -401259, -432238, -392724, -413092, -404823, -407550, -434272, -409058, -417852, -419879, -428112]
day=354 max=-392935 idx=1 scores=[-427315, -392935, -432466, -395882, -438553, -426437, -409635, -424626, -405462, -407907, -415189, -428757, -422421, -421373, -408618, -394812, -421405, -395416, -416474, -402018, -420731, -424397, -403002, -411615, -434987, -434305]
day=355 max=-398149 idx=1 scores=[-434758, -398149, -421800, -403370, -433138, -416900, -426548, -427019, -409972, -404807, -408306, -419525, -426255, -414753, -411789, -410739, -435214, -399120, -408390, -399225, -419499, -429442, -408361, -422846, -439431, -431330]
day=356 max=-397774 idx=17 scores=[-430286, -406126, -428380, -401818, -438949, -422504, -421181, -424614, -406892, -417397, -407762, -431892, -443298, -414617, -407531, -415559, -431763, -397774, -415807, -398685, -412480, -427058, -405719, -419382, -427756, -432880]
day=357 max=-394170 idx=1 scores=[-443153, -394170, -426674, -406487, -426316, -423952, -412993, -426284, -410548, -414669, -411152, -419426, -427931, -417607, -405226, -402892, -433874, -412044, -426291, -394985, -423613, -444465, -411769, -429498, -441981, -435657]
day=358 max=-400164 idx=22 scores=[-447780, -411879, -440842, -407375, -434279, -427102, -429079, -431935, -413805, -408652, -402479, -431415, -427803, -425914, -402266, -414226, -434592, -415413, -414505, -411640, -416449, -432400, -400164, -412640, -430479, -434818]
day=359 max=-398571 idx=3 scores=[-445790, -402696, -426475, -398571, -441102, -431385, -415808, -437140, -424267, -416124, -409355, -423140, -445986, -414526, -416216, -413951, -438609, -409865, -424891, -402082, -421889, -439477, -411858, -426938, -440763, -430485]
day=360 max=-404588 idx=1 scores=[-442068, -404588, -430103, -413015, -442893, -430828, -413369, -430222, -426614, -410231, -420193, -436553, -449395, -430753, -414762, -414533, -434257, -404922, -432719, -404603, -419678, -431721, -413893, -432195, -441794, -436138]
day=361 max=-400141 idx=1 scores=[-439717, -400141, -426970, -415464, -444551, -428643, -420024, -430935, -418193, -415390, -409295, -427642, -439297, -419905, -407572, -410846, -434594, -405632, -428998, -407001, -425205, -431194, -405133, -418879, -430364, -424391]
day=362 max=-402177 idx=1 scores=[-442767, -402177, -446537, -420973, -434409, -444100, -432384, -429359, -427872, -422077, -413732, -436235, -437829, -434944, -420115, -412699, -428765, -413908, -434538, -415225, -428522, -441794, -415218, -434462, -431539, -431479]
day=363 max=-402388 idx=17 scores=[-442162, -416472, -434495, -418337, -439678, -430674, -421487, -434700, -431473, -419144, -423350, -434096, -444555, -421328, -414843, -409625, -435985, -402388, -434179, -406262, -422730, -433007, -410282, -431204, -447492, -427972]
day=364 max=-401783 idx=19 scores=[-454677, -413141, -448736, -409284, -434447, -437984, -425493, -444253, -425352, -426071, -425168, -429058, -445881, -426608, -419098, -423129, -437074, -404259, -425291, -401783, -423013, -444416, -407786, -434081, -435700, -428291]
day=365 max=-409520 idx=15 scores=[-441663, -419374, -444477, -411224, -449546, -431082, -430955, -431026, -418315, -415775, -420940, -430749, -444951, -428856, -413961, -409520, -438755, -415120, -436158, -420439, -424155, -444828, -414027, -437103, -438294, -442038]
